la1	la2	la3	la4	la4	
0.25671782474535	0.7571584510768852	1.3760154013702122	4.0	3.9413314610915635	
0.9843440215664627	0.20654610115892247	0.0677314209065758	4.0	4.724079132709128	
0.044369460632177615	0.45354943999042585	0.9566291511376956	4.0	1.4067883979918223	
0.6475483040931699	1.1733434666050653	0.5142352091267781	4.0	4.28607765072877	
0.6028629533549562	1.8218306341375172	0.46332538010605073	4.0	0.16766149093758564	
0.6682984126045219	0.0438307910028386	0.7199169158461948	4.0	3.7790705353161123	
0.912701455534021	0.39890316909415335	2.8115918606027117	4.0	1.9704072131501094	
0.15143827971151358	1.7882396777310936	2.6002663897333758	4.0	2.141993637445953	
0.6645271310073022	1.7081516950160187	0.058025046954263915	4.0	4.150767341725284	
0.3227720092239844	1.5045615154214949	1.959917693615683	4.0	4.559681063315878	
0.41660055716697253	0.19810506914556192	2.707048300874425	4.0	3.2759175519845525	
0.7921222874214439	1.1569407080278593	1.215069902260728	4.0	2.399727952834832	
0.08531851801601797	1.697670463742035	2.9630265887178533	4.0	0.34974355940168955	
0.2094228877773241	1.340035774891875	2.408704393534478	4.0	0.7397216836402587	
0.7588994462738324	1.8210642643413717	2.0951737099852688	4.0	4.102699253579086	
0.5655907588925173	1.8294493843949344	0.17413345908224032	4.0	2.0900358956473153	
0.30125321230004476	1.6009249952137674	2.2331949976927277	4.0	1.894235492160351	
0.14235538939299552	0.920596566928074	1.4266154557065727	4.0	1.3840652554311177	
0.7618183893402473	0.6248663212592105	0.10591815860031406	4.0	0.9103475293854746	
0.22311393687552006	1.1238673288616585	1.8961867685722633	4.0	2.617660024535488	
0.999388885099269	1.9523279805921836	2.4306851209106366	4.0	0.9588827722033816	
0.3048633379839579	0.0035444676887905757	2.9977080489783745	4.0	4.896351468778041	
0.2768004186924775	1.5423591340201022	0.8375504656213505	4.0	3.0348242606021576	
0.7321749106985755	1.8324840033493168	0.14524338897882583	4.0	0.1463538853533619	
0.9460175880931021	0.25946915681645133	1.0367855242452744	4.0	1.406531745868325	
0.44129536264061286	0.41351640215575824	2.7318904828804214	4.0	0.8083968701299843	
0.5618390637670797	0.5455252985987105	1.2370703537221404	4.0	0.6367279352255911	
0.3886048147150942	0.38132873016679447	2.4301491930928374	4.0	2.824075296824118	
0.8757090701598403	1.5109739005077027	0.3545818001893257	4.0	3.1717582980154018	
0.8036959291147711	0.9547550900956037	2.5449228129732635	4.0	4.34791834356956	
0.09221723373767854	0.9795598760521675	2.8878466110688605	4.0	0.6962627118946063	
0.30987390321715536	1.9944894088464018	1.4821610521159974	4.0	1.4758552053005154	
0.4390447772981647	0.01618132787270854	0.24960824214988542	4.0	4.9688239221798325	
0.37881458061347184	1.3430719559236992	2.917488832483866	4.0	0.1232822502155817	
0.61964726059274	0.19943234402669896	0.5985749399945626	4.0	4.819900374111344	
0.7968342727875086	0.1356594060215761	0.7585633209813234	4.0	1.4459017517830701	
0.6993864074254471	1.6365080772493985	0.7968391531466926	4.0	4.371588929185318	
0.8957098734424938	0.4535034209417279	2.6511370593757553	4.0	1.9729867911636279	
0.9531258731437544	1.313215837618738	0.12665786685336644	4.0	1.5904852424795057	
0.7876904284367388	1.941651930726178	2.379825505075739	4.0	4.315790907782743	
0.7782543973687377	1.466621926434002	1.0131206057981985	4.0	2.227444244175001	
0.8410854830689793	0.2641526685542632	1.7389893176096223	4.0	3.1805467250698167	
0.241427850037374	1.22804023622653	1.293560564590726	4.0	1.7334850344043145	
0.3313022683175578	1.8295484111571316	0.45458865543856064	4.0	0.8506287431754206	
0.47387738133944923	0.07521590869990624	0.4318167135946843	4.0	0.26342510626244875	
0.6834700945163427	1.5918883948725873	1.5260809999919993	4.0	1.2313040067102188	
0.7930062212808656	1.0755366789000482	1.0271936610680243	4.0	4.0945487344419345	
0.4528941247910203	1.8599302982447212	0.5561872029856285	4.0	1.0708745385957896	
0.14163645071677844	0.594311735271627	0.6990076223271344	4.0	2.0765272429695685	
0.29363821171212456	0.06151454084680785	1.9712571032240018	4.0	4.06857333598947	
0.3678689730449336	1.8113074366488662	0.8634470472684386	4.0	2.0847338014133054	
0.014644614581897364	1.1911236066720894	0.5278307091252342	4.0	0.5095356881881874	
0.9182382812144725	1.8394647216848172	1.0081550739486356	4.0	0.2443839865945724	
0.6316439391241025	1.9368467467565422	0.6066830694557679	4.0	1.3093258086275634	
0.24726793149777093	1.1984032588184326	1.1097143416805975	4.0	4.074207536623692	
0.5572255658413452	1.382968480542613	0.8528615252345447	4.0	0.2875210812508072	
0.615125363870848	0.11587670348707046	2.733729832445451	4.0	4.776001781822223	
0.47950262792838727	0.7243765311754211	0.012006297179158132	4.0	3.3810888878310297	
0.7572854730002554	0.7681619285329588	1.559632981827666	4.0	0.991042177426324	
0.16512119458479124	0.5045768058233513	0.6304970511446516	4.0	0.3248861144794757	
0.3160150743664498	1.40664870438257	0.8622358373983658	4.0	0.8081541031907086	
0.11274832441961646	1.8421566451431506	2.8538738970088118	4.0	4.846907812823035	
0.016363213979081914	1.2541349776671853	2.7414230723627906	4.0	4.204577399602289	
0.16882971718945106	1.6874225497240785	0.23090577420234182	4.0	2.488569201298418	
0.8359807878104936	1.5732112401455702	1.0207313259128923	4.0	3.9807486013973428	
0.552730359859645	0.45121334511408984	1.8826211753631161	4.0	1.8058459932587163	
0.04235442785291277	1.7549632781500644	0.11635009079258363	4.0	3.596402401305456	
0.3053578811615222	1.9963608204371837	0.7249539455676021	4.0	0.4213849011296489	
0.500641453004726	1.2159881086578592	0.640358858950004	4.0	4.911265161210694	
0.25782104583627863	1.5457017044766288	2.442534772874291	4.0	3.802045846773385	
0.8509136230754999	1.8956494716442598	0.7162493352342193	4.0	3.028052808728616	
0.3539988574734475	0.48481166664913045	1.2897108349913928	4.0	2.8732016086364975	
0.20559767189164269	0.5752361670901349	0.38494080366012595	4.0	1.166968164323493	
0.8053566387279004	1.5705572817570141	0.10548125000044206	4.0	1.4152954460448708	
0.04970579239423545	1.152959488521623	2.499678076553294	4.0	4.515194321111221	
0.8014316363363042	0.5384944091871489	1.1366394522929464	4.0	0.5186426810258965	
0.7797060732574782	1.5437136700649046	0.7245947037466782	4.0	0.2973368366645951	
0.876921907042318	1.3261994300330648	1.9418092851464197	4.0	1.8781648236765163	
0.48710796650842925	1.719956192237188	1.5350866337981768	4.0	0.37034012394696947	
0.06270308397523039	1.760631084093044	1.4954910777840822	4.0	0.9078409483632954	
0.5641778689185557	1.9290579762627216	1.7441104304251365	4.0	0.5898901408024138	
0.1188150014556495	0.38595390187308976	0.43444341203152537	4.0	4.82800868229061	
0.28455480774729014	0.4563367070657267	2.735763499979845	4.0	3.750088709619544	
0.3893372520605225	1.544614084916061	0.4179252814452462	4.0	3.209068778237941	
0.5015072119780349	0.3686487174402484	1.4889400660620147	4.0	0.23869890647576109	
0.024161237728258178	1.7842960454523022	2.730149563103475	4.0	4.599740817228776	
0.7992510193349106	1.5035900040025287	1.5417090859458096	4.0	0.2574964944838859	
0.43792410075452626	0.5220386849775027	0.2271095943459177	4.0	4.7092205757450225	
0.2568405344516369	1.3680686121304144	2.89270589130395	4.0	0.21053407788637402	
0.5031952365251949	1.6089664155501888	1.4691096199855438	4.0	3.3675591810430685	
0.222641298654225	1.9015629222273969	0.3105045332238304	4.0	1.9335513804139148	
0.5583581504602627	1.3877904816688287	2.803679376040013	4.0	4.327142778723154	
0.27797269907324973	0.38189294954022235	0.5757716660041003	4.0	4.6765324764161855	
0.6437617815626191	1.0715136838137251	2.945281045140054	4.0	2.146279098019226	
0.1676100022293402	1.208176000482104	2.917088156531828	4.0	2.976263520311882	
0.7422442969767518	1.954454498692195	1.1591965726857925	4.0	0.524275932194323	
0.6735840543633244	1.2361897194312013	0.5144690868929978	4.0	2.720309048819937	
0.4862218304104844	1.1269199220813997	0.17175905045921047	4.0	4.482312423600957	
0.9121664482936389	0.7000339446474437	2.0425828502485723	4.0	1.729805729917313	
0.19709380768529838	0.41991450421281207	1.3153400645311506	4.0	4.26843469005574	
0.66651044812889	1.1549848366749658	2.9088802138891845	4.0	1.8926763915398155	
0.6837177144428997	1.4464376549058218	2.246031749606816	4.0	2.5815377505480037	
0.7455552360505223	0.5047329553790412	1.985172473379413	4.0	4.327917218841562	
0.9164725796781936	1.5977405038870676	2.0109915313292595	4.0	1.0793115102906596	
0.5955799426789362	0.3030784205695072	0.7294014499425953	4.0	4.627708899851907	
0.5864631554626599	1.9675015355105892	1.7511281482744807	4.0	3.591121254336244	
0.21908909984985014	1.0480122956857032	0.42906879020662836	4.0	4.16079106041501	
0.7701609371856918	0.02448979218218983	2.843240651589598	4.0	1.271960602557149	
0.039335457530557005	0.18810959154533324	1.5781490004099425	4.0	0.6539848145615573	
0.20391892006452106	0.46528852983642266	0.7340158658124682	4.0	1.497283130889271	
0.6484829408034362	1.9650249128143515	0.5075292791089094	4.0	4.8147908528044425	
0.7318489644686946	1.014354963499529	1.0816727963870092	4.0	0.19949463300856896	
0.11402002828095137	1.0810250014472085	0.768515061911919	4.0	3.5657718673915633	
0.08274148575550233	1.8661339164235093	1.3862024131532085	4.0	2.72426745332326	
0.6137751467376891	0.11209018658747238	1.8338484170796048	4.0	4.380480270835562	
0.14658220252110643	0.2971172523770875	2.334491421121971	4.0	1.8010800605066002	
0.9576059527328649	1.1799013914871137	2.192709590595615	4.0	0.7787401301770064	
0.882898498452943	1.8841812666714965	0.47894745253115867	4.0	4.095972666513868	
0.5824863388638694	1.9678632976083392	2.073739964807215	4.0	1.8091614834563234	
0.1816424013115715	1.9822045275618192	2.568501853616574	4.0	0.033420401720828385	
0.8446801159932855	1.8170543401907255	1.2437495248640227	4.0	2.3588864793600988	
0.7351984604880095	0.4063821748164056	2.441180554822017	4.0	4.32160109790673	
0.3606493662526712	0.16285666896141482	0.2744712193670905	4.0	4.41415433663385	
0.06529789315203005	0.971330108288526	0.573900411551435	4.0	4.511652032057015	
0.8236076155611162	0.7032701184550243	1.6292260210528164	4.0	0.6109032479142845	
0.32032104781096005	1.8442324060395348	0.6392508192734256	4.0	0.8452852931241134	
0.5980432040583369	1.256416958252648	0.1575801748473864	4.0	2.1187362745238274	
0.995117036657291	1.7667290299814329	1.5962088988937966	4.0	2.7636298676367534	
0.6142399738031497	0.5118376757076599	2.5301464027287723	4.0	0.6639868056087622	
0.1942433145393596	0.4990820672034688	0.5894629624839299	4.0	4.004105525228748	
0.5022361595559908	1.8339865363063206	0.5589474429087676	4.0	1.0078969098660688	
0.4551118049016576	0.9724802841304014	1.4097014671565995	4.0	1.4560200235192955	
0.6953052033753966	0.038168841994388636	0.33939635903242316	4.0	3.1021588647461176	
0.8672611767881611	1.139848406719253	2.2694906441218006	4.0	4.312307682026228	
0.3878059492749053	1.4616293642162714	1.0098711870365062	4.0	1.7527772451477475	
0.9293967719072497	1.4445042467857925	2.422987310379484	4.0	3.00197925130039	
0.0824516271265977	1.158929565841433	2.64775832501886	4.0	0.33982917922380673	
0.19944335034037053	0.5777123630406942	2.1462977139922867	4.0	4.043219686667528	
0.3094506244197677	1.583422943358979	2.1046442120345024	4.0	3.559249578331278	
0.11761692381294664	0.047749504583467495	2.536360013430628	4.0	3.9254993146637878	
0.465649869760676	0.7867429506963304	0.5762855398684663	4.0	2.3583124911614037	
0.8116501824096183	0.574282514541929	0.9663160904662799	4.0	4.906159852878485	
0.38735371405516705	0.13267229332320296	2.3713267656849992	4.0	3.79847812933854	
0.21530933588955425	1.658872609968639	1.9152255322210228	4.0	0.009456355316334042	
0.1295891650562171	0.8206392957702242	2.4111920064299914	4.0	3.6933902165097177	
0.8798562270917781	1.988128824043655	2.728876350489305	4.0	2.0218922842917033	
0.16810517205153586	1.2451485905035515	0.3558990367750636	4.0	0.26414655924644037	
0.0637658129425338	0.5693940182783175	0.07092007111814236	4.0	4.257064676682528	
0.30337839757808427	1.661388474101674	2.5365568453828344	4.0	3.5374477204977572	
0.9912955500940746	1.386803559096558	0.9979992808108807	4.0	1.5043306954960822	
0.5881962700083044	0.012793490321824974	1.579950818731561	4.0	0.5578904410147262	
0.5135148051214635	0.04834236605395814	0.5294894974832557	4.0	1.3461225827962542	
0.33119481075212753	0.6305859688068642	1.9079075623373047	4.0	1.8247433644694726	
0.8387741727015348	1.238743674664011	1.924311476917231	4.0	4.543608116103216	
0.7641092745419809	1.4997231641318434	0.2964298532491697	4.0	3.0390921128417014	
0.3488887891787549	0.32226108813235355	0.19619092709404284	4.0	3.08085396215217	
0.28868220412015466	0.21812560173329665	2.7344737613964067	4.0	0.6487941088166777	
0.6034594310408794	1.7437524072737973	0.21618749036925422	4.0	2.2833099272479265	
0.1496540673752953	0.5414612291298586	1.0369322448670075	4.0	4.826878431309696	
0.38997460794874383	1.3610055102131486	2.956023470155441	4.0	2.918644239985748	
0.16594652551661937	1.5505822536827645	0.7423447987464993	4.0	4.030797646846132	
0.32368993497505905	1.7811886147916192	2.982386289260625	4.0	3.814957645169639	
0.36527069362226694	1.3810137176680997	2.9327870409463843	4.0	1.7061622770956126	
0.387429066721549	0.7571535752739369	1.3310905132077564	4.0	2.310559233903578	
0.2655252784407133	1.6151498628468541	0.8660201353514134	4.0	0.8537650853159523	
0.9271126178107965	0.30862456965781715	1.617797166625611	4.0	0.730033363406063	
0.7344990432644107	0.2099145005804801	1.4386179621628579	4.0	1.2659106040428092	
0.9811684072042028	0.01876217128871782	0.3781589527517033	4.0	4.164141538715817	
0.41022558502706374	1.9773381947144049	1.7867773403939848	4.0	1.3546306486672166	
0.098098378709778	1.979186934508723	1.952127084565121	4.0	0.028301868482369374	
0.5178743708697905	0.5137476972154245	1.0519257517418628	4.0	1.3064144749246986	
0.8491962968622746	0.9791290640996835	0.00467647977095309	4.0	1.0741916955101205	
0.8890363410192041	1.0214493232468687	0.33880502967559434	4.0	4.545587064394564	
0.2634669653167091	0.46709749293739544	2.453259356391866	4.0	1.665836110797338	
0.963410254176067	1.9196536868943668	2.13213681968608	4.0	0.6974599585498209	
0.960990570794272	0.9753412525799647	0.0410680541794739	4.0	1.3989262934040814	
0.665513748709838	0.6853910508824799	0.6010134306694114	4.0	0.9247847769183132	
0.2565218431322335	0.5900543339020039	0.7489787959647428	4.0	0.9759215218482459	
0.4088854667088019	0.18684624393445137	1.7225484383916956	4.0	0.5928000120195215	
0.8489916015242401	0.20173487978972915	1.0383349423389592	4.0	0.7143202179981478	
0.28564750221252244	0.8513017962726006	1.2111156639669511	4.0	0.2836126538617778	
0.6921478006362541	0.9521267042371813	2.605265687990756	4.0	3.893259944032246	
0.20607722739733214	1.2824727131547702	1.1579821176435945	4.0	3.6969002457414657	
0.501779686660418	0.44535147377199436	2.111947535113342	4.0	4.581166572549912	
0.3297911583222126	1.7737853507094363	0.8266406132260081	4.0	1.0919191305386415	
0.34590131713729566	0.27707407757487057	0.6182065960424364	4.0	0.25160619832390096	
0.899056446776612	1.44497906645901	1.600698492502561	4.0	1.747970074447334	
0.8306306263293664	1.9717021720531727	1.2946710425670709	4.0	0.14468030076425165	
0.7876783060125976	1.377048360127468	1.674141198529843	4.0	2.842182777205677	
0.19725180654009522	1.25026234181212	2.2910451524935906	4.0	3.6951324428348675	
0.6114701902027626	0.5138339291302263	1.5187902022124493	4.0	4.223882232176698	
0.4185165210874563	0.2890390426106475	1.358300823485941	4.0	4.435591204637237	
0.25217855012308243	0.8273283136916971	1.4110871798177906	4.0	1.7598176412053423	
0.6527975515780559	0.0029807958508705212	0.8847450162914237	4.0	2.927973019762952	
0.5166950584831501	0.3010545775898832	0.07698386071431262	4.0	4.998159873596868	
0.7816219627679583	1.6714839391372698	1.2729940988773607	4.0	0.703980882760582	
0.5207786543322437	1.5407190211685269	0.6293280831031259	4.0	0.041207947844313364	
0.00940397487077993	0.4484716080010882	1.9332267701542185	4.0	3.087400801107994	
0.015986997139885495	1.7767547187081807	0.25772085005490786	4.0	0.3513910205292242	
0.04490619051762479	1.097387884397911	2.8483560798125374	4.0	4.004071300792953	
0.4577595199083776	1.4253010826128878	0.6053226070343288	4.0	4.673131251223796	
0.1860158955850788	0.4360788622547953	1.8474521800517345	4.0	1.9719800365456608	
0.0086383779436493	0.5993800585160827	1.0146735946297105	4.0	0.03880313201162222	
0.40517906115132796	0.6033746938146665	0.00471157974410108	4.0	4.609947458929412	
0.13900231293881204	0.9899982967456655	2.3593508006924946	4.0	4.053919532158421	
0.2804225357388469	0.39505904886093623	0.6244700433558462	4.0	4.198304575504696	
0.5869845707168004	1.1251142903456468	0.9091282031045063	4.0	1.5091139353210714	
0.5919722011625227	1.2459338324537348	2.745397121521309	4.0	3.893871863563697	
0.16157281195344753	0.2575287347027322	0.7109184088667283	4.0	0.8362701817084933	
0.5074796306544633	0.6152117020320786	0.8866204325101977	4.0	1.8062024327469128	
0.20644324861321162	0.22819499137804922	2.442831599105008	4.0	2.7059650521406606	
0.85693202046941	0.4581066141107837	2.213913337546546	4.0	2.4149389049144983	
0.9360832556378959	0.8566746082846841	2.0473358306557303	4.0	2.8195047756736007	
0.6829646060193336	0.07962851372229673	0.35370068881243377	4.0	1.110546005259554	
0.7248563580242774	0.7999033726671134	2.3998195822487416	4.0	1.9347483458502972	
0.6518565577857109	1.0151872703833664	1.0079550196357416	4.0	3.712923860671573	
0.3084894179110803	1.6925753504615035	1.792981674957411	4.0	1.2562816431787072	
0.11051503282070885	0.8240999199612753	2.6099145624774724	4.0	2.5240115313088296	
0.9789256761062866	1.9242888407529495	1.0349762505332256	4.0	0.7844822059489392	
0.6871241722095327	0.6781038227133931	0.6348677954590424	4.0	2.5033629195751366	
0.327714235639213	0.9468542762517196	1.2216286142900246	4.0	0.8634731353404962	
0.2903499771406156	1.853181460923022	0.7070400433179099	4.0	2.833067361194919	
0.9333487022558226	1.558514809776801	2.992879879337827	4.0	2.3040407932179763	
0.42522169244376173	1.5970532999217095	0.12778999056357354	4.0	4.832497544350556	
0.9695690597528668	1.7135208330851859	1.2887937247474541	4.0	2.288564138666488	
0.8955030569680753	1.6742910915982065	1.4734997733727466	4.0	1.3780100920652305	
0.37513156265411096	0.00228684802824497	2.231639394098458	4.0	4.700867918049622	
0.3658129584141737	0.38131765404852724	0.9864372620512665	4.0	3.586033599722762	
0.6159539875039133	0.27573838324563016	2.150987294916458	4.0	2.3574094545692854	
0.5204587754513158	0.780196717303145	1.562862679917971	4.0	1.3368904298005069	
0.17725021675907282	1.9595936616230833	1.3569430387666	4.0	1.5104421841294653	
0.9699990191242028	0.1367887331370139	0.6780930705935073	4.0	4.659996387804409	
0.5245249764846414	1.6436566468800786	2.38594877599221	4.0	0.701211285310766	
0.7599463956388035	1.771738808460886	1.9789007541701382	4.0	0.781187891731222	
0.7314208982965454	1.7570428277815315	2.765894913049986	4.0	3.359780702188504	
0.8253701222300732	1.5880244773814023	1.5311071408716375	4.0	3.7113189553431747	
0.8994690320041769	1.157836706663515	0.6846781549409855	4.0	1.7689730882346466	
0.19529757906475542	1.906529239052104	0.5030491529298622	4.0	1.200231196808339	
0.2436238842162889	1.561026006709068	2.2688369883682404	4.0	0.5605059926921779	
0.9226419547624967	0.12518427575125157	2.395570564346108	4.0	0.47340712833460197	
0.01962792872584007	1.6321458562358597	1.6297644808565173	4.0	3.473576507794176	
0.7572706587260534	1.6929710026418716	0.5038177204156606	4.0	3.679189834101953	
0.8491838375605241	1.459848018675317	2.4741463795993766	4.0	0.5537926435686014	
0.037541852931644026	1.3117236942791983	1.063909176353821	4.0	3.404687311728315	
0.9006525289620512	0.3729714551729093	0.02546133958600172	4.0	1.7155170548343401	
0.4637554458943277	1.6279492023420472	1.3225213381092167	4.0	1.1209211288071224	
0.7351694923794116	0.9551291765776717	1.3229361056353517	4.0	1.8791774096322733	
0.23811459382083322	0.5670540292076938	1.7184965324009922	4.0	0.6075919684173381	
0.33205265249109706	0.8640062422544172	0.8324447715748224	4.0	0.11574451828925136	
0.05504878720708939	1.8669815664683649	0.015563190130526094	4.0	1.8414182986041705	
0.2246514764062374	1.4393151639965283	0.06277550194612025	4.0	2.9506261096502207	
0.8102320200834632	0.19516032256196914	2.411783578855369	4.0	1.683645411773974	
0.7107577581819859	0.3404398462048668	2.609744153393249	4.0	2.560453797844886	
0.7063346545404984	1.8531765759503953	2.297629315165267	4.0	0.728668346958305	
0.729239531894544	0.6496032265442448	2.574796530049676	4.0	4.349376275293725	
0.48098119420275287	0.8098763669472495	1.8784990999856	4.0	1.6092513747633381	
0.6380469597241446	0.5791481276617736	0.23761907019020545	4.0	3.4536363005182853	
0.21285660835567666	0.8336686508650264	1.7829823561470342	4.0	0.4646790330254452	
0.8257986027775909	1.8311548294283733	0.7711934816385211	4.0	3.3932279612325624	
0.12429638731374149	0.4773095418245894	0.09098200407695256	4.0	4.638476261867488	
0.6642775771852413	0.6563383888901158	0.13868128359937204	4.0	4.273856502850372	
0.4816875371434838	0.6929894718788925	2.9338777877332096	4.0	3.6060217593441575	
0.5286225304250712	1.9816372592470555	1.6055762000172988	4.0	1.845105391144732	
0.5513772917381838	0.6838237686092223	1.5482887799703975	4.0	1.5616092223022326	
0.4606856573009802	1.417533656799977	0.054171359031783606	4.0	0.5626936045919106	
0.17690618535144198	1.6675395741798893	1.2688246398067933	4.0	3.8070538902868107	
0.12789837738342613	0.5818224564750947	0.48932081691145635	4.0	1.1344355981984544	
0.06556200257428135	0.7619347453631964	1.8922561564021283	4.0	0.6363425328381189	
0.754876692611369	0.10881583684645557	2.8965821423162765	4.0	1.585386600088305	
0.9137506783744458	0.3271090800726313	2.3707647166455916	4.0	3.444469010593412	
0.6260771898713414	0.20624561743227132	2.9631453893685773	4.0	3.0995940546490037	
0.8758984489198988	1.1170082320000398	1.3143700806007004	4.0	4.6657603535675864	
0.3132924156033099	0.4799329439726634	1.592206641838166	4.0	1.0844839039756249	
0.5251780127684129	0.2299684366835668	0.20137272501602843	4.0	4.055840365595287	
0.41136642825980585	0.7174261316535455	2.3545617522770987	4.0	2.067944529685612	
0.42325803567491405	1.230146334233987	1.3793135290887273	4.0	3.681235406951812	
0.2974407114157279	1.11837775868794	2.5108902344958093	4.0	0.9798397898397587	
0.08047614258261604	0.8451684928473966	1.1028873262948982	4.0	2.7824796080800485	
0.21201618275286793	0.8711882227490344	2.882503303464226	4.0	3.5592932719000867	
0.3289505130462066	0.5467838348878007	0.35726068564974933	4.0	1.7165523095669593	
0.3038437740037976	0.11386162155381419	2.35673397889605	4.0	3.666511070219256	
0.10874628023324373	1.0840433704331243	1.5523879626197177	4.0	1.1992134206392124	
0.4327638723870343	1.2098050852824265	2.1693336301561827	4.0	2.917349235782428	
0.7802151819919845	1.1619531099828564	0.5853104738701064	4.0	4.56448331490247	
0.4317880917402973	1.4356571926763404	0.03272707093275251	4.0	2.4375703755083418	
0.3500565928219207	1.4851313092667466	0.4976259257169281	4.0	1.8894356731121413	
0.1903138682579848	1.9121712732016085	0.8735180386191501	4.0	2.3330724942602794	
0.8747347574544252	0.19008851044290398	1.2278238538896828	4.0	1.2766175324613176	
0.26523455967040765	1.6685287325031297	2.0558200338852517	4.0	2.9490925920761017	
0.45593288148819866	1.4504560097291312	0.5255828853430061	4.0	0.23311122251634286	
0.1624945636042422	1.580512064405664	0.2823869662919207	4.0	0.6037505396703441	
0.8281195684268179	0.25702149635524507	0.5182585327846524	4.0	3.985843385995827	
0.4168376626459619	0.9858648983728706	1.9313567483852085	4.0	0.9784527481857197	
0.23323119469452336	0.2096198466146144	2.3162533247229953	4.0	4.450305484215881	
0.39053966761218195	0.6651859030074709	0.8176846772653258	4.0	3.502712753037087	
0.8405488872458458	0.9410573743135202	0.7283610476668314	4.0	2.5613944668214255	
0.5334241879177749	0.5905625184787078	2.6881023697604767	4.0	0.7118978665915093	
0.9943470716503543	1.5344221652142074	2.65908450749244	4.0	3.9406991734209362	
0.6460222747057007	0.4584554285443443	1.0494751477471307	4.0	3.2186645852902895	
0.3493013600388222	1.3556119451322175	0.21241294656929255	4.0	0.8257926334313942	
0.17428421419721019	0.1889246841929102	1.4943842222064723	4.0	4.257535868315724	
0.8084069663995209	1.5480567380402899	0.4877314572613637	4.0	3.804249556488732	
0.8323187062872027	0.9115874821262808	0.4368966035541456	4.0	0.9131640991052586	
0.3722969254722779	1.710840615978814	1.8558997115345792	4.0	3.4630594523549463	
0.3730727308518511	1.5631642366154435	2.4740600143658273	4.0	3.183413495528384	
0.4528064165487685	1.5359444661222674	2.1917624056072533	4.0	4.758051577742142	
0.861380043939926	0.9929730246400204	0.4286347908376169	4.0	2.783584699282247	
0.7252203508821227	1.140813486552456	0.3364510749933243	4.0	0.9244902555413637	
0.5552703590014457	1.0958586996596473	0.6301192293001634	4.0	1.0066076313039185	
0.19336304216229516	1.1825941253001842	1.7043697955311201	4.0	4.1238982801172375	
0.8408226522037171	0.12733912030017658	0.5945910125634285	4.0	2.1570705342971195	
0.23999633765359185	1.3497923019622775	2.4620805692636263	4.0	4.815497018338021	
0.7986771940297908	1.5226565032799655	1.9696442185189926	4.0	4.121604892580867	
0.16581945096339834	0.5204987152871028	2.5363583100307925	4.0	3.6280626813017673	
0.17653725482128202	1.670564835030104	2.435527457439095	4.0	1.0660806571389254	
0.19132007493162106	1.6766844712702083	1.3435909540619466	4.0	0.39933148765532833	
0.38284401120985956	1.1016230005069605	2.153350867179573	4.0	0.920424607217859	
0.11774755269942594	1.093155980332886	1.3397707750385721	4.0	1.0859364847814907	
0.8616656992085516	0.5220640927673668	0.5011385142792739	4.0	1.4163580967135392	
0.06074843250636541	0.8749573245036868	1.076383760776247	4.0	4.696383564292509	
0.7874361688916043	0.2865239876119261	2.852834586774251	4.0	4.6961575507382864	
0.8860925337373919	0.6241551424442182	0.6207902663868351	4.0	2.1342410005550834	
0.3304548059960877	0.016075228397308017	2.3487730974766077	4.0	1.364613410622562	
0.3617851372966423	0.26169449885623886	0.2550679918888047	4.0	4.257906777021233	
0.5410686865141849	1.5889796251126982	0.8793413837148973	4.0	1.974239053037763	
0.2714479169616534	0.8361715851533296	1.2841786510509534	4.0	1.4805412954879342	
0.31471762721204466	0.7146195297485638	0.4681101626412263	4.0	0.9182220717070272	
0.5440216303678986	1.8194149042421215	2.5539115673254127	4.0	0.08557413746012266	
0.24122014346274379	0.46584865100187267	2.4991089394286634	4.0	0.5635309438577357	
0.6031996513992249	0.36572484910423997	2.094035037608287	4.0	3.2198761478874935	
0.5389915585064872	1.6206261641312332	0.3306368986784769	4.0	0.8883014516521226	
0.45625455593348596	0.7439659161800896	2.6118673356247477	4.0	0.040796536425248275	
0.5091368743034208	0.9942374695755003	1.310067163155022	4.0	2.05314674504742	
0.23611259376814642	0.21777651902626216	2.0088505439487907	4.0	0.29094161889855363	
0.22829523646809502	0.04096841760063663	2.3142694181444843	4.0	4.877908941085986	
0.1350329130687581	1.7521890496824999	0.40059039162003685	4.0	1.1067292956347226	
0.7530902533059308	0.4584471745246963	0.5002470005790672	4.0	2.1393576273360564	
0.7098785877204399	1.8881192710445127	2.0845326825477093	4.0	2.2320200132295556	
0.2679238864934783	1.668131524354804	1.3719532796948033	4.0	4.580136918974633	
0.43044727691325346	0.708117536851304	1.2796627490504606	4.0	2.172291373147535	
0.8282093493175432	0.6449634131163773	0.9648524868956198	4.0	4.646826878587503	
0.2154996127394555	1.7065437738418439	0.9587553222264366	4.0	0.6290498201812844	
0.1415975944538851	0.11953931422065756	1.5890207718647216	4.0	3.258425228391558	
0.014685774363276116	0.23445193798278963	1.9315091036810563	4.0	0.48137206793279597	
0.10181280913762925	0.7206036051607954	0.30228812779120395	4.0	4.5948129724209235	
0.6068376253004508	1.9710084826874377	0.5553863313828094	4.0	4.274479996350535	
0.771557775990677	0.24196548217758185	2.882978686439608	4.0	2.8692489200922227	
0.57885349792811	0.5155698611144066	2.4658215710453524	4.0	0.3444861973270885	
0.8566439928638382	0.9714325251126279	1.7739770546773865	4.0	4.8173405847896635	
0.4396059285568604	0.09999510704042636	1.3048801883619436	4.0	1.6517834493783718	
0.1743412907749181	0.6683068043580034	2.481812763119704	4.0	2.754858751662888	
0.9319115370063418	0.31514369315785995	1.132829711075062	4.0	3.3320137060516357	
0.05049799529612908	1.5118281582954314	0.5831842519432724	4.0	3.045429898245005	
0.29577377985936537	0.6113449323527604	2.264760474965287	4.0	1.3516911067333743	
0.2826936541385654	0.9337385491065942	1.617021675903164	4.0	4.8508208021916275	
0.6271285291413036	1.5458266504712328	0.04558877677426387	4.0	2.8824357718909233	
0.7486763109696717	1.0991911098416693	1.7210395348510765	4.0	0.23492891399254645	
0.39163297050631607	0.6301948093758756	0.5971672603891288	4.0	1.9791778361030783	
0.26395612809121394	0.86372951072705	0.4100864215841421	4.0	0.20180269369917958	
0.5347251673021048	0.44795053002526686	1.4589994365438659	4.0	0.9151326225390893	
0.8089470492248744	0.5981205309906565	0.9542373489077364	4.0	4.6951020927765015	
0.9573908901519974	1.010892677176687	2.7144993065295053	4.0	3.669582879040936	
0.07115435892936994	1.7417021309877254	2.1691876509073675	4.0	4.876590652267307	
0.9435392318803372	1.438257997480549	2.7843691236626533	4.0	0.4578228669746043	
0.6232826920192697	1.2160411659038741	0.8333237707965113	4.0	0.32031500103718413	
0.9335672370756719	0.5282323156300794	0.28180727335579725	4.0	2.95784780697121	
0.37930297460029294	1.7406338601535307	1.6346634580567638	4.0	3.851213995150264	
0.72868273156055	1.5806667259078475	1.4825635675321083	4.0	2.9477532858516433	
0.46229960993656427	0.9958028149710496	1.0475055502462545	4.0	4.6006394731027	
0.005243631040191876	1.0808904699209183	2.1352869592076993	4.0	0.7102730219028691	
0.2306071565839839	0.1264120018786219	0.6359842749856955	4.0	3.8183237894614495	
0.707675193053651	1.4922938778115953	1.330427912564038	4.0	3.7620641763919243	
0.2944502033242269	1.6152986433586969	2.9567177580683843	4.0	4.274212806217083	
0.1821733580940953	1.4533718574746435	0.2532259800945098	4.0	1.9041392032459163	
0.7148653696792399	1.7279005975617592	1.8242995448126778	4.0	4.535630811787782	
0.23806420078583423	0.8643576545371454	0.4905601628215476	4.0	2.8134912216119834	
0.34940365182725264	1.4446577174088373	2.9631416444432244	4.0	0.09384342209404373	
0.19394311191967384	0.8368528957004588	0.33875596441107536	4.0	3.983945386300502	
0.21232970625196912	1.7915791337593696	0.1422101441072562	4.0	3.849381503605682	
0.9258014374564898	0.09164411015992191	1.0097485450090495	4.0	0.6257448705654151	
0.716554361822552	1.7153330724853513	1.1770458238910753	4.0	4.466327024653739	
0.7675542142370528	1.22964710194467	2.715327637000258	4.0	1.2040650315449426	
0.28280570948530714	0.3603399264583207	0.6815539010969147	4.0	3.452023794945741	
0.3561593876358258	0.6076386766317845	1.510523746568806	4.0	2.4896285895317223	
0.3156803084973818	1.2664016362246835	2.1353849317837996	4.0	4.128641190366064	
0.10161807072496665	0.6375193372670076	1.9103070643791864	4.0	2.3084410916992093	
0.23158927358975412	0.1151392388745962	2.7323316082704596	4.0	0.33707089993322004	
0.13839570210828633	1.1384241518010592	1.521714325450949	4.0	4.205818543570754	
0.5566469535092345	0.7093134792824185	1.4173468100871742	4.0	3.2496486110025957	
0.02012201613545883	0.5351173604557393	0.1343713490921823	4.0	4.988048547544043	
0.42121349726950974	1.8774476049593325	0.317514421270247	4.0	0.8159834249159698	
0.5029336570593786	0.9681007470764316	1.4375334546607177	4.0	0.6710479611583653	
0.47103667386623327	1.9373513067396277	1.6252356050140053	4.0	1.1809074055864544	
0.37767148540159856	1.9355480514541412	0.8502424703473689	4.0	4.769592269019562	
0.7005041996920703	0.6571060821878008	2.1032376267407087	4.0	0.9363077367311073	
0.7821177082824322	1.5406180265901797	2.5091056240849894	4.0	1.619224125520189	
0.4569573612558264	0.4528047783744136	0.5157963413253945	4.0	3.814880046245283	
0.11407542496731649	0.2041721070055147	1.581171922128782	4.0	4.0306361163126585	
0.8622001175036897	0.9473579869835458	2.9294477732348616	4.0	4.255127724804949	
0.28861319002014185	0.5057511337239846	0.002443523971175865	4.0	3.0167755005462755	
0.8752915945691209	1.0115033570107148	0.6902349791254807	4.0	2.923090677772326	
0.5977500408664927	0.6064716230069898	0.4193805108297761	4.0	2.750545487257077	
0.5076231650955993	0.7360303674085324	2.2653047898263345	4.0	4.359409644021587	
0.34175459697413524	0.6638490971827475	2.429881187435433	4.0	4.639365624197812	
0.8749366744630611	1.636489425914713	1.1210786127987917	4.0	1.0946938456342636	
0.5436881822094839	0.6135699794094285	1.0100966266507636	4.0	4.909487753385259	
0.6364390662435612	0.7388707190508961	0.18768091804118991	4.0	2.081314482425448	
0.5915733057795678	1.2495525835932422	1.3147398651100346	4.0	0.6192002109090072	
0.23441694865817142	1.4261246543669752	0.7446681568765342	4.0	4.341243555913018	
0.5584709178940807	1.0173292593521488	2.7945249988194307	4.0	4.428783991081916	
0.8906139865351065	1.4331053697387435	1.1076123322180114	4.0	3.710234927588986	
0.15343109686691725	0.9910439146834586	1.6345714475704605	4.0	2.8257731082263495	
0.2859592333058548	1.7443671580708324	1.7614875506652035	4.0	1.7416035099170895	
0.4036988065443817	0.39336972080893906	0.4523207995746208	4.0	1.9683964875210458	
0.8062157870662983	1.8021942437002192	2.956274812636624	4.0	1.8539532306340467	
0.04930537092024967	0.20486692805833662	1.75756733725291	4.0	3.4423241341198163	
0.2177668216836417	0.6971727868764501	2.6929735279847367	4.0	1.9553220140807681	
0.007341501601764278	1.6499428548591035	1.254690260765877	4.0	0.29884197811694435	
0.13806484850463707	1.7698535090661203	1.0056025223666882	4.0	3.1807903647872147	
0.33444086321701605	0.7343899510795309	2.3879476750893316	4.0	4.039676809279765	
0.6640513244027245	0.14730296157693834	1.4750605702368373	4.0	3.105406213580028	
0.06919958195610731	1.3336136143055826	1.219248154766711	4.0	3.782899178214873	
0.7323550650150754	1.1089416331581514	1.3613966307325804	4.0	1.414932338639221	
0.8199363582021651	1.5139503953570352	2.598195622007271	4.0	0.6749769509775477	
0.7511662244009311	1.5398696032194223	0.09607514566022612	4.0	2.1957925068847213	
0.6433479077384706	0.7898982999507067	2.1774584342368337	4.0	0.45057510193962536	
0.26818693298383767	0.8493246395742349	2.8719145633461682	4.0	0.2286706048874365	
0.3481983301871101	1.781482643810627	0.6751440217715383	4.0	4.368879716829196	
0.10149509690129399	0.17255636562910937	1.2462785306595425	4.0	0.02023575339622774	
0.3921877790522317	1.9454593052279405	2.0620169707777887	4.0	0.31481766483487494	
0.46273259135941236	0.5252086976722581	0.9540505871177403	4.0	4.499066611184798	
0.8326891506387407	1.1689203680976998	2.3763811265957453	4.0	0.9391614701889855	
0.37794368808864665	0.7454849717007932	0.5897438152533568	4.0	2.836401054677688	
0.2559166004026411	0.9926885878274179	0.7853700782445081	4.0	2.42390683752755	
0.0462492032336107	1.2541251036366867	1.768396910880283	4.0	2.704177165571075	
0.0015986421918546823	1.1676925007153967	0.7587413693598681	4.0	3.2193729502530664	
0.850580134920647	0.9537046033023471	2.3604791589259304	4.0	0.4608284104843846	
0.4772068993960199	1.5135530255928746	1.1132413907720071	4.0	2.757178159394832	
0.6273089046875017	0.22601438793308248	2.9080930827600815	4.0	0.19844766303339811	
0.5814222424433296	0.9930833261599705	1.172131904383362	4.0	4.582814502096802	
0.4062693412371077	0.20289977287224148	0.2798975085652613	4.0	4.531392403969663	
0.25362898931249345	1.7315538805505162	1.0892547802876846	4.0	1.2712743754632694	
0.4878522780528284	0.04886222058660783	1.2554937015256222	4.0	2.3864873996154943	
0.9506627747215195	1.1274979922814437	2.380285501398186	4.0	0.23304252676639992	
0.3466719257641059	0.7198001947880361	1.1766019368967364	4.0	4.192880443757218	
0.9905429932276009	0.13879158372546407	2.010789272866062	4.0	4.964436989157518	
0.14958372806704312	0.6337170375315646	1.3790784754698724	4.0	4.737321887356469	
0.3399895847052019	1.145796948131901	1.0266233269102965	4.0	2.1484498865395514	
0.8857034249672991	0.5589965828226147	2.3602880152898362	4.0	2.6521830728180102	
0.8087196206602298	1.9086161229691012	0.2485430964705888	4.0	3.1457412709029	
0.8551969316368027	0.36097436995570087	2.920157293792054	4.0	1.3225814898863502	
0.7578964003225506	1.3759336889691376	1.6172891424235063	4.0	4.2319869179198335	
0.6055803789211034	0.9769697904942305	0.24280319911841974	4.0	1.653941742107909	
0.29587312066327465	1.6589145037610251	0.9273482786113971	4.0	3.390308523385266	
0.9576989707848539	1.0620692797653728	1.5051545337931342	4.0	0.04204124429021072	
0.7011153769812105	0.3095663347306823	1.9048513648318526	4.0	2.945944519702634	
0.19441257948499646	1.472602904032837	0.7044370942434802	4.0	4.91016558197129	
0.36466810352272083	1.2764383912320396	1.5626542452893806	4.0	0.7687534752513331	
0.08397590104351083	1.6350672927207168	1.8229476080437235	4.0	4.541393616524373	
0.702998188380186	0.8145471859571891	2.0167973794628824	4.0	4.758673492196604	
0.4587079161154092	1.172780724844476	1.8372435761930102	4.0	0.6548975766677079	
0.9723290595785893	0.2440537902378137	2.843334022237028	4.0	0.7731978378462406	
0.14254365219462695	0.8353320267640696	1.7736949662025243	4.0	2.170313461856739	
0.5926427799110798	1.6088716267253158	1.1472017693157808	4.0	0.8415236724310138	
0.9923954240580289	1.2857043676964082	0.3728074431902837	4.0	4.211123628419509	
0.21177712027483053	1.0112097108718638	1.7622063857116366	4.0	4.967787895123733	
0.3968057231513168	0.1025623881623634	2.03875170160689	4.0	0.0015951176097916964	
0.4705991759178473	0.10777924708129949	0.9043748553798919	4.0	0.9294338271820946	
0.7721593980587658	0.7946155796157073	0.8829908224601712	4.0	4.328022742281966	
0.7806358166917081	0.23009272563891225	0.45950463369740413	4.0	2.242450972232361	
0.9197852901506828	1.6797213812181202	1.9804750989897744	4.0	2.1851931145404144	
0.14106722710155706	1.2258877495652962	0.6630144362564202	4.0	4.713169165150236	
0.2512236819619139	1.9839666179418143	0.18055637871749997	4.0	3.8319322328335472	
0.722908311867629	1.0419089133849837	0.13230489902328912	4.0	3.299810065085975	
0.20912724966052199	1.5328836917940778	0.6314232893698484	4.0	3.813987598259404	
0.4295656568193942	1.3054394479256235	0.8108665288109139	4.0	4.019382277741539	
0.9282008414809712	0.4778608612565287	0.27230742425228127	4.0	3.817538708482883	
0.26139472685097287	1.0732267599853007	2.710057230820867	4.0	4.132706013810975	
0.8435667947669415	1.0247665448580858	1.8099766771990233	4.0	3.9702516823025356	
0.556045154117189	0.09839344701622488	1.645405505049192	4.0	1.9704163051539703	
0.7600390846907984	0.24232383127894352	0.5950217589934218	4.0	3.4592110100946147	
0.9177831560831279	1.712141223049751	0.4208883885894279	4.0	2.5536522129079193	
0.00606497715962051	1.9988507363260382	1.6838400259729391	4.0	4.954138460051155	
0.36487229015848377	1.7758167206441138	1.2589490537654457	4.0	1.0631473460369456	
0.366508985359986	0.14578216912357767	0.9464741979994369	4.0	4.2787849583165105	
0.8140808219055127	0.5767553930464953	1.3845837722627357	4.0	2.775839403338808	
0.04709337082426246	1.045010794065971	1.4608713254603856	4.0	0.8735438849058835	
0.014892765139512432	1.6592802404072686	1.07353520285137	4.0	1.9610232383219717	
0.15112084845951768	1.1002902711576392	2.2119298807342744	4.0	0.7456261419372423	
0.994193035013483	0.859578605904052	0.8367218932033873	4.0	4.8146931069081385	
0.3091073274053632	1.5935011109338726	1.3698393353521792	4.0	3.366381350941945	
0.2505953346448868	0.10006075558709804	0.5082424520147728	4.0	3.245683218166817	
0.2707123898590108	0.1363590649873152	2.4208293767444573	4.0	4.146596014657964	
0.8271777365462619	1.7882765150903377	2.4355256889489296	4.0	3.618425306820971	
0.9899967672632599	1.6347972591713338	0.807216830953002	4.0	0.6775698361933863	
0.315482622209605	0.21013631671627664	0.20032619045130462	4.0	3.5474868135370707	
0.5375920790199092	1.029602552520783	2.843988949878243	4.0	3.492828549236436	
0.020008693020883817	0.6845651182557184	2.7485231134967054	4.0	1.8624576861315738	
0.606195012701022	1.3373568574373422	0.7704137055660658	4.0	4.179259888311827	
0.8145487465570287	1.351053167203217	0.5695033488191052	4.0	1.4595977205154815	
0.6349421698994276	1.3229950068200313	1.925842156772304	4.0	1.6449788139764383	
0.6122246909845337	0.6483757803920287	1.4646747197653949	4.0	3.527024759539334	
0.376212762386229	1.3733780495703716	0.2851959006722633	4.0	2.962264420230365	
0.6963499569780162	0.6243651846361793	2.0764954518907115	4.0	1.7854055530687618	
0.6619027500821801	1.0689615473035625	0.06458518796925561	4.0	4.6138771826162035	
0.6140575151479163	0.9111418193940446	1.476882131402431	4.0	0.01648646426401501	
0.23300919670808562	1.2568934240059664	2.196723151900309	4.0	3.566740384565355	
0.5532129507793133	1.7895131415264591	1.8515211696018214	4.0	0.08999206676232718	
0.7537508563015168	1.2037312056813563	0.5094578784544777	4.0	3.524374102219049	
0.17761683492251246	1.6132436853100316	2.8180391122630493	4.0	3.833533606192032	
0.9450372804080431	0.4738691809519393	1.915065327885812	4.0	3.9294071480499926	
0.23878898358314038	1.9661835504472742	1.9705646894326958	4.0	4.824911087889994	
0.6473639199708289	0.0735700529904193	1.9223278903068808	4.0	1.6352245653251467	
0.3908990378130641	0.9596649752019306	1.5772590965258377	4.0	2.6829058040379876	
0.17361212974874896	0.26801509824883585	2.797129345095816	4.0	3.3882095354735875	
0.32944713934106384	0.5358808894336164	1.4136760751117343	4.0	2.300789657211235	
0.33456431468943526	1.6654914706831867	0.24624283287322513	4.0	2.6980723591794864	
0.10041005015362592	1.1341998055141733	1.3567062514734693	4.0	4.05965310536812	
0.15256532453093763	1.7216463989299746	1.5057189125853732	4.0	2.348796265525899	
0.28422853931125514	0.07229043787492473	2.7847018012645517	4.0	2.2830609571271765	
0.9936019178386296	0.03952559289275914	2.1910278477130953	4.0	0.5755455400254139	
0.866236000601191	1.3623312054336352	1.6967165488012437	4.0	1.9132576733210072	
0.8654621610734721	1.5686051841493707	1.6652714120991419	4.0	3.611052175972243	
0.5656242120253334	1.7366486737290259	0.3618708194182132	4.0	4.881730104835943	
0.24503411984546086	0.790299295093589	1.9089956599666777	4.0	1.935759525047835	
0.46151804869990765	1.0593528927461189	1.8948004399126317	4.0	1.9954379163368392	
0.40083594334094264	1.2511091647058923	1.9679233713076605	4.0	1.677678528814488	
0.09723173008356589	0.017078349544376925	1.2288265022342184	4.0	1.063038695443796	
0.582483146293998	0.5950384713775894	1.8898999603037403	4.0	4.786473851825795	
0.19185581749030134	1.8813399888843951	2.669994324325707	4.0	1.0482305551295634	
0.3916039136340327	1.0719705044138552	2.464631529431019	4.0	1.2993571956589378	
0.17348538323506624	1.2417715981934463	1.9309258409957306	4.0	4.04873736315635	
0.7211438602981721	0.00480968505496171	2.8354936984382775	4.0	3.3918220759615703	
0.1548502948358873	1.9819139238234451	2.0138214858771706	4.0	3.6749607851991852	
0.24350595125295216	0.46130578240956854	1.644668502777767	4.0	3.8451552197056573	
0.6284991776424607	1.5967404415549562	2.5228580531752614	4.0	3.4037231330348368	
0.8246653490567466	0.242736262084019	2.8615278648905274	4.0	1.4914869731695568	
0.8513821839929461	0.46285162238907107	2.1850396358583235	4.0	4.659054443966115	
0.7951988382433279	1.5910068238487667	2.0722696628797737	4.0	1.4707926393536157	
0.28011689485990643	1.669968416178246	0.33642426496140976	4.0	3.48654030232566	
0.25044398968437787	0.003253732629137973	1.2539949750205965	4.0	4.968692101494331	
0.8277701119395396	1.1018651250109055	1.3664356430017888	4.0	0.8544046115157272	
0.9663294467630962	0.35483044016318477	0.22261764655100058	4.0	0.4178032135182558	
0.8030311550264704	0.0706500273712507	2.825763818602733	4.0	4.4721672000716834	
0.31644237673083064	1.9260083337300804	0.9271798826205445	4.0	4.377170080711431	
0.5306131004594367	1.7297987304445304	0.6601857923193702	4.0	1.7211493663952133	
0.3340188103873939	1.1725531160967892	0.8552822400079897	4.0	4.542794937603723	
0.02062472160802198	0.9257697353407046	1.5851731055457865	4.0	2.844624396438911	
0.6592341239987506	1.0021519862737314	0.5724007052110954	4.0	4.112583726323144	
0.5500269829472838	1.5208285647800073	0.4643284238234997	4.0	3.0154880200859946	
0.8087995057512094	1.6124989411829156	2.5399796771499807	4.0	0.5784618710800776	
0.7894134522118423	1.787042765423591	0.273752839579931	4.0	3.212568025684556	
0.2156289757006704	0.8386391628645655	2.9890479254842237	4.0	3.8361213808640344	
0.3419749774774634	1.3387784326128598	1.47239457793882	4.0	3.4260625310215898	
0.9572492013308482	1.143483415551585	0.4621166290205143	4.0	4.531981303376865	
0.31862693386421337	1.6535007521439307	1.9379512786293245	4.0	2.3196695265306984	
0.9062676881476155	0.460170559076156	1.3174052644480732	4.0	4.454707945779225	
0.4680932076784623	1.6330851563518716	2.081162013970296	4.0	2.6987256702953095	
0.593600142530821	0.7493108232664301	2.6460217722120385	4.0	1.927087892843395	
0.6857297183314416	1.844684100547774	2.1869639138355406	4.0	4.212288601020389	
0.5057607543046357	0.2939793805643549	0.5185021308301232	4.0	4.529376337344436	
0.3620899343200459	1.2641963571745576	0.30279030967241627	4.0	1.1098359344555675	
0.4775038417010804	0.889548280095817	2.468840050346319	4.0	1.7519668733501397	
0.12340515282224296	1.4613673401480016	0.19813550088442067	4.0	2.0329951889866265	
0.9921950865393174	0.6147598439143307	0.3348118970807423	4.0	4.194172145568846	
0.15210109174006492	0.7674089239547	1.273187455772435	4.0	0.9386980805815826	
0.7114892025417968	0.33781012400341104	0.48066297316456963	4.0	1.8858094467624325	
0.034616748299002964	1.7225784608009291	2.3101843867101435	4.0	0.7523302836695372	
0.5365583951033083	1.6128640410245092	1.1792659823393983	4.0	3.136185314736204	
0.7979540708112519	0.6642475602944564	1.2361781930042621	4.0	1.545180720689221	
0.04521168994545255	1.0847712288185545	2.9405491680642477	4.0	1.2814201040944502	
0.6315516250938549	1.455927976133591	0.18008315421475274	4.0	3.5378215908606188	
0.050358050091124706	1.304536330611491	0.0865357078329706	4.0	1.7962906495733	
0.6223161094606791	1.5698488133976367	0.8386921653178135	4.0	1.6696516147704143	
0.8578748387641745	0.9544486028846091	0.2625083273959925	4.0	1.4280580054289282	
0.402692753025388	0.9157268718105891	0.05737974853455108	4.0	0.2609188420342212	
0.5876777354363157	0.9088115377206116	0.5291555124364147	4.0	3.07418013158483	
0.2793172060278962	1.3786678304332132	0.38435988022052137	4.0	2.0948187027791736	
0.8463505775094373	0.8838611230955933	1.3837105549989293	4.0	4.0896958899621385	
0.08658838412192427	0.7815373035954267	2.658796542925517	4.0	0.4320041606132674	
0.7170844139457105	0.11354863624634715	1.8644042773247356	4.0	0.2760509572479719	
0.8099744026380907	1.793114667902437	1.1200112270780722	4.0	2.7423948550095583	
0.5310773541165895	0.32441989638533	1.6308486864576017	4.0	2.4169696427833323	
0.5122542699754602	1.472489139042195	0.8690933375124459	4.0	3.493686167927791	
0.41719765759553973	1.3463577809646283	1.496537592227087	4.0	0.9674790378080983	
0.6029518677525958	1.9990836059208297	1.3773183696743205	4.0	4.052737591955155	
0.785302997294967	0.7825966012364072	0.7311666366616234	4.0	0.8731609604123897	
0.42079288660871406	0.9537882286427777	2.9312996186934788	4.0	1.0689246321148933	
0.6932142730316876	1.238588740240071	1.5056405388973644	4.0	4.1893381697795915	
0.6434919176484813	1.5174980647133136	0.9917158652233964	4.0	2.492245699117369	
0.8209723878983327	0.24596666605310102	0.43719883225084744	4.0	0.5756802141169409	
0.09971425088327568	1.1375590633357333	1.951733591378397	4.0	0.31198993605150993	
0.4364093899045419	1.380414063435337	1.9359985811774238	4.0	3.728752826734924	
0.5643469785180311	1.946463438171236	1.2020605429800963	4.0	2.490671874103685	
0.6145140361023432	0.5916368373330234	2.7434245482385076	4.0	2.8461651895004083	
0.11650201367289081	0.4898754117797175	2.058014716385914	4.0	3.8292918817977255	
0.4636928108885764	0.01059098570762984	2.8542972595213914	4.0	4.187085994633193	
0.2235329596137603	0.4728712044274028	1.9851217904035745	4.0	4.0871974520504235	
0.7888479726787081	0.5742197196048036	1.4047118585254794	4.0	2.895160350400559	
0.552145065353985	0.37840894855108753	2.3250236054377265	4.0	1.383524173597341	
0.5657785706220375	0.8509101370784506	0.4777436635800463	4.0	3.7494505720007583	
0.10471084637300399	1.199071096434629	1.1479739242170837	4.0	2.1846149902210463	
0.22080892475088898	0.7846320060467469	1.2006638466304986	4.0	1.8556930368563167	
0.1536697167806399	0.49184610165405207	0.21060443954440355	4.0	1.7694312908884786	
0.7696732507484321	0.20260992396654087	0.096641358594734	4.0	3.873224804352808	
0.7625658766476141	1.3918731099008739	1.479119363142762	4.0	4.684591580243877	
0.01975641678115536	0.397011727733523	2.372557286935323	4.0	3.44146678430712	
0.36001053147900186	1.6054736303281156	1.261268975800772	4.0	3.8302994388180545	
0.03694305120673569	0.6829461958294865	1.8078907054533975	4.0	3.937284051437822	
0.6388738816509836	0.6999963291234352	1.623072436756405	4.0	4.945121539195706	
0.8580528536858488	1.5587393345461131	2.0434783121733457	4.0	2.889934811932336	
0.043957477677199375	0.3030188462656147	1.850555603761029	4.0	0.28885983147058814	
0.278349222302381	1.2286884236771347	1.1629752644410007	4.0	3.356468833936334	
0.467587759694297	1.9815218364355525	1.4741760110377071	4.0	1.5291238505674953	
0.49374632116570205	0.4124581776331442	2.8466123103800824	4.0	0.12310691312599875	
0.7135865965957576	0.30182349020873156	0.38615215012213044	4.0	1.2458444628848009	
0.8396852849700505	1.9839316497751722	0.03914429923482077	4.0	2.8567899287506	
0.2134164727048562	0.8950952835064587	1.3283432669942856	4.0	2.5115997581992784	
0.41757792380199044	0.28043613002743384	2.816290045025763	4.0	3.5298724839936306	
0.18713564758145307	1.7469277429338055	2.9741018247322417	4.0	3.7574457975543183	
0.6126475030630264	0.8245944602015882	0.6408303229756241	4.0	0.9340043057265279	
0.5445578556436276	1.9792165050447128	2.417989398406931	4.0	4.8761650764048845	
0.8096543972594044	1.8356112581135997	0.6998268882095398	4.0	0.7961288854287518	
0.07401216214329998	0.10867728389091891	2.343894693554032	4.0	0.017929085450105187	
0.715172836022364	1.48928899014187	1.2473323570178076	4.0	1.624989023667704	
0.580841960821992	1.5492480411364493	2.9096967520745576	4.0	4.810313859754337	
0.8492159251235877	0.0024832666433856065	2.860457321016894	4.0	3.2220550320810486	
0.4872097149832	0.06404639034373183	1.4956348989057264	4.0	3.522293672968597	
0.6399610706869235	0.35392321389664994	0.9788060104125628	4.0	0.3903987400994896	
0.8606967555130337	1.8318720226448164	1.627178780293893	4.0	1.3572148742060663	
0.424150506878902	0.716722399177123	1.6343885984217397	4.0	3.5248859614069357	
0.800061647263995	0.022895081343101475	1.6083720682593123	4.0	0.49028123091557074	
0.5517352768012763	1.3994860152044446	1.2710136461976003	4.0	0.98326791610233	
0.020176968510612014	1.7146732331717773	2.2260034874000025	4.0	4.442410928703572	
0.39390404210307894	0.16155905020132155	1.463847086544149	4.0	4.8713751555120215	
0.17088781083725202	1.166896983035183	1.3696924680868345	4.0	4.881578685803379	
0.531394482138443	1.6922721366642246	2.4789119063559855	4.0	3.0810354203902195	
0.38893349079394823	0.653500732259926	0.5136698560041469	4.0	4.923920852021444	
0.8207550965568309	0.1648191860110102	0.4051042174600985	4.0	4.126704111587294	
0.7267599331511763	1.1452598679750228	0.9347018379027849	4.0	0.11555405178938105	
0.17813480015601757	0.8276149408072768	1.9912149906068053	4.0	2.7169012547303737	
0.027012746036132684	1.5357296750350935	2.4158098081814137	4.0	4.793990336404222	
0.9358889236513258	1.3422178875539794	0.47282820349189214	4.0	1.7368289434414352	
0.7734096888967745	0.250214500705523	1.1037183997005564	4.0	0.8134737317107932	
0.9096131794760601	1.347780777280797	1.0388346173142864	4.0	4.378223066855301	
0.7073415433113945	1.08116043545153	0.8357761012762666	4.0	3.678050021210228	
0.16565895578256817	1.1531538350125181	1.398152460597897	4.0	3.362862041088073	
0.15462107397515656	1.8573068763509053	1.9385330487634973	4.0	0.7736823487739714	
0.9367720425540292	1.39460663831448	0.11712359783474802	4.0	4.984620722937144	
0.5516565382409129	0.5387870959719414	0.6681695735769163	4.0	0.24849373803568275	
0.49268986233367673	0.997697749162813	1.4428041628963069	4.0	2.962951208031429	
0.5463097562973365	1.785877395952136	0.29555277310192785	4.0	3.3249619256756584	
0.09705765356351015	1.3942246653651444	0.45037802415910966	4.0	3.5905447240772386	
0.7353334981203813	1.2601671935744188	1.391464336428308	4.0	2.741399230328796	
0.5778505232316875	0.6348176752441748	2.8796728873065285	4.0	2.168610411050995	
0.29525318060895567	1.9904584694471539	2.364906893469845	4.0	0.02167451939658449	
0.24849855186034797	0.5096692056546668	2.1612889320167867	4.0	1.0619615165474832	
0.3182880269899855	0.8614455217558403	1.2746056393213263	4.0	0.9147102781805366	
0.1713716667120625	1.2231443357623422	2.1464304456029897	4.0	0.20502262027450646	
0.10129475274608823	0.1525803815716671	1.0886712107794523	4.0	2.8116275549366088	
0.714567376137262	0.8785240482701977	2.4608585403791174	4.0	0.7510895469808349	
0.31526149151798777	0.9226369341159619	1.085757022257351	4.0	1.7649764135893387	
0.9982451505913633	1.5340187995251044	1.2819553009293663	4.0	0.2496536680511896	
0.631907868682457	0.21787394193764653	1.795001362798684	4.0	0.7732674208136159	
0.7621668415555382	0.44299622028942065	0.9756494576116695	4.0	2.6113601501897348	
0.19048191017341365	0.7161648483728387	1.8033994069966928	4.0	1.306810309932277	
0.6633606928171464	1.8666452266387152	0.9469042527499981	4.0	1.5145848412395613	
0.20495966349937944	0.523720543299685	2.6034753167368194	4.0	4.749286034790269	
0.8626962758065073	0.7432244411019007	3.504097659201566e-05	4.0	2.07931685360728	
0.44044731415945304	0.5887872438878621	2.418265794690907	4.0	2.1909474336515924	
0.8729606294298523	0.2593093014320025	2.888500614841959	4.0	2.577443775110255	
0.7001139231268877	1.5403179489377117	0.17853014300208803	4.0	2.5914043420939468	
0.20653945475870006	0.5831948923449581	1.3799650804351096	4.0	4.498935047197145	
0.16028211755211808	1.3472869904276839	2.959063332060346	4.0	0.6668391835237081	
0.013300386003696874	1.6253569777523895	0.4147262743668152	4.0	4.140972327585206	
0.40045983906438065	0.7821745690560851	2.050164600421302	4.0	1.0424655379257886	
0.29519678251677095	0.7558949407647866	1.235049286996575	4.0	4.573144184751089	
0.8862030236425659	0.9338693249314196	1.5502341905409363	4.0	2.8954145802381674	
0.46222879204166534	0.6535999578423906	0.31518177574824724	4.0	4.783207951103795	
0.8097355045121564	0.4417168411791297	1.3405415469104336	4.0	4.445323268972881	
0.15428353147864593	1.2682052623514828	1.573079042222301	4.0	0.6289910957189798	
0.5815611213464219	1.8052900039611424	1.9179975378160858	4.0	2.640231515722968	
0.5130134718063998	1.6421840251386137	0.16477483464638587	4.0	3.4371289832232526	
0.32419113572293357	1.2047477583968418	1.4513629094201876	4.0	1.1195258339608183	
0.4539918347628644	1.9305398022517273	2.3441457175119487	4.0	1.9559564880780256	
0.7728916666025714	0.6542141565228048	0.395311437814473	4.0	3.1969153711563165	
0.871030912087226	0.7639489379734792	1.7326938705261528	4.0	2.5351739689198065	
0.4036772730295035	0.34585014874899733	0.36472672700939046	4.0	3.570682551188579	
0.44355340216003925	0.7987841622842391	2.045897614824527	4.0	2.8578903381401526	
0.9003900580807032	1.5806270698532552	2.225902168357332	4.0	4.935538538075241	
0.9401188815620325	0.10665489942127149	2.5303098060939284	4.0	2.696967942646189	
0.40707669127657864	1.5694129321710715	1.656059474854558	4.0	3.9835662515102914	
0.11076042000007402	0.15835516366830205	2.118457548304309	4.0	0.5873694967354048	
0.7263008255965019	1.5101179092823729	0.08161138490708475	4.0	3.391108787590019	
0.5864511364579887	1.8028137370363178	0.5520787870679579	4.0	2.70022455005366	
0.7634802517150513	1.7924051651095905	1.6481839263108622	4.0	2.1445386497740864	
0.783417305097005	1.660665599351453	2.724885605654604	4.0	0.350508140332792	
0.5779749147398104	1.2888948781894158	0.9786559691642187	4.0	4.407875550408814	
0.05585125896996623	1.6917963206460742	1.4175193413995095	4.0	0.9452633489902651	
0.0848951048831279	0.9765204071073685	0.9165469672536969	4.0	3.283640427699926	
0.2117599962155603	0.3050245570747856	2.957219943540884	4.0	1.1244305545147981	
0.6638840299794113	0.4106406709519148	0.3040915686425759	4.0	4.945835446039511	
0.359225859237181	0.8175496193832685	0.3887129659331353	4.0	0.9004004651153608	
0.5247363406239727	1.3937657290311538	0.8962563208172069	4.0	1.2186823931220099	
0.42684137235345965	1.6312531616754318	0.48839924948134195	4.0	1.0396089446540207	
0.7001789309068885	1.3619548005811317	2.1749454676528304	4.0	4.933712699734472	
0.6442850058364918	1.9078098932962095	0.13494772659418353	4.0	1.3748054482797305	
0.8739889570122671	1.0913313952790196	0.1215211095242672	4.0	3.9078708469037897	
0.36639951098537127	1.8049196099327565	2.364565828797623	4.0	1.6726186196276993	
0.21516647964304314	1.3022781877317844	0.6761758577369734	4.0	4.033505965775245	
0.3959847895458598	0.46412738290267996	1.5705095390869686	4.0	3.3344707706796632	
0.9358168538989868	0.9591449072043858	2.4214088152968274	4.0	4.732887077730899	
0.4691315818885565	1.4153408406505847	2.5615941231804165	4.0	1.9674638793850674	
0.005060352391323075	0.1079447564244369	1.4909970717725445	4.0	0.09624557737019979	
0.8835537918826601	0.1332158333022042	1.3530339060963428	4.0	3.9179348946606756	
0.019249018034559584	1.3519810933888001	2.524474254035018	4.0	3.091079895318525	
0.7538109135427988	1.6016747116164363	0.6961567489704215	4.0	2.1962357171620566	
0.5201752026887677	1.428326857235392	1.3345374414628703	4.0	0.4314363240759561	
0.1650138364147229	1.4370467961056876	2.435369444102006	4.0	0.6733105729791361	
0.7976997100476764	1.9996332383490723	0.8975341589098021	4.0	0.3505144457629378	
0.0037219506647334644	0.48585611874578993	0.09793901054277199	4.0	1.936197734251281	
0.33593438057197833	0.7201986594508387	2.4918187350179313	4.0	2.6726263092097664	
0.11618515299637311	1.2915496190674645	0.7948094556386271	4.0	1.3925588984589217	
0.6075546913628476	0.3863935206658733	2.2978869223061262	4.0	0.8491684616761702	
0.07847209702810654	1.178109551723231	0.9144591284449098	4.0	1.516219896495563	
0.7252118898224069	0.7651068881686613	0.053277546779309404	4.0	3.752093439656061	
0.2448492210871751	0.9980746435709298	0.12519060980597785	4.0	4.828965240889616	
0.945877430025999	0.75319990781248	2.8024828899377074	4.0	3.5898655864464746	
0.8253845003857502	0.7574126555025535	0.01738303252121809	4.0	0.33300563776847647	
0.6009864823352052	0.033788152064508026	2.4666445569244426	4.0	0.7083286981108861	
0.527373530076734	0.8772220370256467	0.43871900869422764	4.0	2.978269730839587	
0.9269721391894091	1.9491248628976874	2.6862490430108905	4.0	1.4118932150847234	
0.7817476449425085	1.4069929734454856	0.5693560206215026	4.0	0.9941070213145653	
0.394425442451388	1.3218852964807413	2.3564866079759965	4.0	1.9420916451369603	
0.18266971481065764	0.5371515190339362	2.3131056304640927	4.0	1.2674741930431388	
0.5053224302756606	1.1823949514278767	2.107075886193818	4.0	3.1319169483898577	
0.7426451685766872	1.308579689041981	2.2946132279148608	4.0	3.1286499901151514	
0.9822587827961791	0.9329682381420059	1.1688730221573767	4.0	3.886382714489365	
0.20793932382379654	1.9528508428228937	1.664117384958852	4.0	1.9117755807690524	
0.5012939862563317	1.9217866870336942	0.21438061309113676	4.0	3.2615590418666263	
0.12191722247426351	1.9560124681766045	1.8450103531135358	4.0	4.167518577670703	
0.9514486211581712	1.4060707041384817	1.4678560518068962	4.0	4.345590309261117	
0.5098113970298667	0.5955285501212975	1.4458390379057908	4.0	1.1900957182992156	
0.19548329943723963	1.6014873765494795	1.9644024256276857	4.0	4.458967254997349	
0.28370860979067947	0.8817121155917151	0.6933446990808213	4.0	1.4058322734529112	
0.8724130160715777	0.20416980909780125	2.1910199014532328	4.0	3.704094359925125	
0.1684723720336856	1.4691387667414382	2.267080911491491	4.0	3.2299450176065374	
0.3123162070679357	1.3876654032115903	0.03800022012651516	4.0	1.767408432689066	
0.055718052928211304	1.9001436093512232	1.804955325770333	4.0	2.6812517154538495	
0.09147626672456266	0.8322113618467233	2.776338347952394	4.0	2.71326061649146	
0.5462420088674171	0.9814300574695527	0.6663498818019672	4.0	2.552426593081954	
0.8819335919829673	0.05899277835237693	0.12770333538649192	4.0	3.6377902903970645	
0.39261548517961353	1.7915216567575014	1.7648712215687041	4.0	3.376776538384214	
0.9180431951103846	1.3169488553877202	2.6996591616419363	4.0	0.6619182009192986	
0.868418579343868	1.2769271237156032	0.9843175946014107	4.0	4.153637445789128	
0.9094852695163615	1.8830525504870064	1.8886497814877146	4.0	3.964426915070232	
0.9558159949469373	0.37794102619429615	0.8351823750250891	4.0	3.494196392464763	
0.3541945157885893	0.8402978369155143	1.8786780974336463	4.0	0.9938658547297463	
0.5816898015392129	1.5423614122727416	2.5249853718397794	4.0	4.006103412446375	
0.6181671441864297	1.1057422467285967	1.213471620226192	4.0	2.7397862633854864	
0.7364362270185436	1.3861029106465292	1.399939584430351	4.0	1.466321915987336	
0.5311420707153706	1.6506042159473588	0.019022786308208195	4.0	0.24975849386284887	
0.4595715441950651	0.28156670577635046	2.0721481095555685	4.0	2.8965318489975775	
0.27012381228346827	0.8898375777472405	0.6839181140044027	4.0	3.6545030448576252	
0.65847602966802	1.0916643385914313	1.889840609559649	4.0	4.9692224024668095	
0.891915692003128	0.525619909838972	2.6464415734405886	4.0	2.7926466543781805	
0.04028903192943878	0.44540918861800516	1.525291925834754	4.0	1.8289592144751783	
0.7110988535936376	0.601073731477632	2.7506592157816483	4.0	4.390439345859713	
0.7662316463049906	1.2902975459253345	0.21580497229747764	4.0	4.947838472291306	
0.45228282433447653	1.921114935790875	1.9237423723258347	4.0	3.626468576025391	
0.4858578496221796	1.2922087509873836	1.1189751041062808	4.0	1.9849874243842418	
0.7977996791072575	1.897929027273526	0.3349007857161096	4.0	4.50017609980286	
0.318669980934311	1.6242275863911904	2.497363458718309	4.0	1.8722216612582032	
0.26484883688248584	1.4472698252278284	0.9155410397455264	4.0	2.235985964588336	
0.6327475337589513	1.8879566106370365	2.500857946269678	4.0	0.6845633488256947	
0.25508171167554283	0.9831238627177581	2.178076958874381	4.0	3.7165593326939246	
0.02821643277270114	0.90069322679285	1.683034228152413	4.0	1.2425428086437418	
0.019779485167401578	0.8829496150608185	0.6911112176264969	4.0	4.499923402359815	
0.4741178287187351	0.769110361245543	1.339775437583845	4.0	2.232433910074648	
0.5242071704873998	1.6303541135294235	1.4719033326537667	4.0	1.130705812970782	
0.2850044483667794	0.390775807104093	0.7996868950844122	4.0	1.8472300414357696	
0.9784441359349688	1.2467954305376352	2.213718348722003	4.0	2.0951926105848835	
0.43495606213389904	1.1529768990046987	0.6501829116595833	4.0	0.9059912440576268	
0.25299629115730804	1.2748634330541209	0.969182372396466	4.0	4.021512595851048	
0.9303097228665043	0.7272375018841308	2.5888905685861094	4.0	3.611019939673874	
0.15375980394267152	0.9782833766339298	0.5483333485772885	4.0	3.9406769541378397	
0.022146703455891315	0.8072195004956144	0.140988234013518	4.0	0.6906606409463895	
0.1483071540315729	1.7935972696842788	0.0016289820361368168	4.0	4.327082371212757	
0.07392400231926999	0.4055575123945738	0.415636050187114	4.0	1.9236520514061317	
0.15104564397667664	0.23965613900078941	1.2745313769357072	4.0	4.5972200881813805	
0.042788625417179094	0.42665585921784177	2.1407589823955626	4.0	2.0828026095729713	
0.35720064644424687	0.22614644722426114	1.454952790165015	4.0	4.873445260190974	
0.1466534015904305	1.6883187154689256	0.9722462015795726	4.0	1.7286553904257524	
0.5756491495860641	0.39443559732673994	0.20552559789491343	4.0	2.4079890497594176	
0.7581551847062682	1.131654116924733	2.9013206771443585	4.0	1.0975604544628892	
0.035328290413525476	0.3414119307492456	1.7966788203214576	4.0	2.0471316529309265	
0.9353956995658076	1.177207145680531	2.1912673014620085	4.0	4.7136548833019996	
0.5637569135721964	1.4155301434622838	0.012802713160303347	4.0	3.2999612264656744	
0.15706962471531627	0.6347529208816176	1.8057741698619652	4.0	0.19593924593410528	
0.029697203488790347	1.4824848091010525	2.185307069628204	4.0	4.908604262519773	
0.9972060583029481	0.612640952239836	1.3852877083865325	4.0	3.730519329921652	
0.45853360064584026	0.590514648040203	1.1187619497070607	4.0	0.21987943940967036	
0.9008220293591964	1.0687886622480405	2.4056840600818963	4.0	1.0320791327917456	
0.8504130652571892	1.4855573098595805	2.3439331552354146	4.0	0.6912053329234591	
0.5796445054302243	0.23930053500918325	2.0402445283763737	4.0	1.6569780633799964	
0.7485636296730168	0.6408446361738493	2.071931894060178	4.0	2.4182155584419323	
0.23661489066475172	0.4035215970555066	2.4040136781583055	4.0	4.899919747475515	
0.5889741582370975	0.18719105596347219	2.090046893486609	4.0	0.34570153676409254	
0.7948308402494375	1.1302231712656436	1.551202994142849	4.0	4.794592121514237	
0.03894943779062654	0.3314795378480411	0.9097944380301014	4.0	4.583772486713459	
0.9939130383631447	1.7035845481599954	2.323729843046511	4.0	0.735725830936032	
0.7663459478502399	0.8795322413902722	2.0909092542493495	4.0	2.8083597873391017	
0.4374434365225496	0.8475491534823161	2.39230376690917	4.0	0.9861816879555269	
0.275407581235278	0.8915085717890396	2.3177481400239888	4.0	1.8776105317277203	
0.4703659996409405	1.0188267386376078	2.9828409846639508	4.0	4.744389911004755	
0.23357583232828283	1.0177536530428022	1.6161884187928002	4.0	2.6247166601375733	
0.6240664635159905	1.9921608439684757	2.51139569941669	4.0	3.715352196627839	
0.8614467561441473	1.620581086123907	2.5042093744426945	4.0	2.3065891731459676	
0.8571667083277996	1.1143199104916426	0.4791573879937163	4.0	2.5906829714822277	
0.8006876192313361	1.2179865423846439	0.6769417646568779	4.0	2.3958210852494495	
0.026527609752957537	1.9095566077060322	1.8623888828828419	4.0	1.6186962718149345	
0.5003680996361923	0.7309107939625572	2.212238481747119	4.0	0.7098894283849183	
0.2506666647871665	1.9748297065165776	2.669518503793766	4.0	4.565076428642902	
0.9751034333076929	1.3161165848361713	1.4067750363102167	4.0	0.03777722635801006	
0.6284570444966148	0.9423927785486896	0.041338422035589906	4.0	2.4376773993933587	
0.459260405134175	1.6318041665925982	1.0430720107277476	4.0	0.524235060979174	
0.02806590332210801	0.24595820431688042	1.005900509888352	4.0	0.5513255540935186	
0.6987485676890309	0.6568578038918684	1.5933513304592526	4.0	0.41053885007107327	
0.6182592032910323	1.2066919064160844	0.5274539940371086	4.0	0.636136934856143	
0.15989887852431184	1.645499516493068	2.32624306405688	4.0	2.423605814162835	
0.82207091365345	1.8506424254047327	2.462972756005631	4.0	2.287853256458413	
0.024965660627346842	1.9594544949701505	0.6523976444373215	4.0	0.3080840642896321	
0.09418380504382917	1.2560502094736261	2.289132163331815	4.0	1.9115367737354223	
0.950968731137419	0.7746378092327957	2.368310578502522	4.0	1.0431655557571284	
0.866882903737725	0.22955022256753277	2.8990127609622416	4.0	2.51500020933272	
0.2725981540958473	0.6650291645263504	0.6871391554703923	4.0	1.5559512087922467	
0.41785759854581883	1.2550556576199108	2.4809234529132653	4.0	4.475279318529255	
0.07235225409008672	1.5995193375614312	0.6929377154856255	4.0	3.0182989388674524	
0.46953975038874907	1.3980326496206077	0.7918939614033933	4.0	1.2828276734752975	
0.9554354390348533	1.6777959897614483	2.6001081189329587	4.0	2.856875626864995	
0.3969270381995519	1.0699862035427612	1.2926715715534765	4.0	1.9654469762818083	
0.5684805693052183	1.3448241468773325	1.0165231736133196	4.0	2.2800488224828457	
0.9808361883809446	1.6741508230251934	2.5740493150728856	4.0	1.5378179644281553	
0.6998194803825966	1.7735730464895507	2.7382677092799383	4.0	1.3988862555944626	
0.24456620039502652	0.4995116434413869	2.0352456870640285	4.0	4.828427047651217	
0.23668237533566783	0.3564304414164732	0.11689048634580734	4.0	2.0978053312953726	
0.025075606022378127	0.25778465667703365	2.642986054105336	4.0	1.1891316787930584	
0.7218591429554002	1.1654692045835475	0.9114884499899492	4.0	0.26497243663050507	
0.7779684005230911	1.4694226155160095	2.2762169253445994	4.0	0.7533979301755717	
0.10040479762009846	0.22802954284986687	1.1097438075376211	4.0	4.111006921863646	
0.752572470885832	0.6148017298054267	2.726601310646187	4.0	2.739901073151017	
0.3361053482294607	1.3367698588477053	2.0900891503906935	4.0	0.6119118144364766	
0.8938029620848194	1.1188185284535077	2.574285172295986	4.0	2.0246701858543794	
0.7598292474222029	1.849429809036395	0.04120085125677719	4.0	4.9594146865537825	
0.2611675456066076	1.6644407969607045	2.828230854394663	4.0	3.5166581951521043	
0.11574844714786936	1.7880015560866682	2.1153923818876463	4.0	2.0286729717980934	
0.7547569690286442	1.3663467786972021	0.38527292778998645	4.0	3.7411187405384854	
0.9068100152058618	1.8083925738980993	2.644837315192757	4.0	1.5175747808396756	
0.8118475632785142	0.17354435080916253	0.06279902557463235	4.0	4.962214415721217	
0.8837266549137106	1.761154941410253	1.2777741484934233	4.0	1.2263978118893575	
0.8460854112211159	0.8289453549310362	1.5709822717718214	4.0	2.450670960224227	
0.7502769752088934	1.9746590107090352	2.5228151826110174	4.0	3.674542277945875	
0.8300468289553322	0.5931414136658997	0.023062366408325152	4.0	1.6464608685258064	
0.470702206757019	1.779685457464154	0.39612212240710354	4.0	4.099615212733318	
0.06211793611230376	0.335655191970206	2.7187818726931723	4.0	4.82229495565836	
0.137928866681998	0.24625470546051442	1.6124794039594093	4.0	2.029849410210229	
0.3864927560510184	1.9824914266018625	1.0757935640478142	4.0	4.98079505552667	
0.8310530997373909	0.5823342761391805	1.4943495980343868	4.0	4.552592917787144	
0.013034385659526082	0.9382185550477311	2.332742804183705	4.0	3.2357512001313573	
0.26188438522593893	1.7493004270724035	0.784392709816133	4.0	0.977085148137557	
0.22802371705314983	1.0607075255520433	2.2505706762724866	4.0	0.7793142036814993	
0.7891277294279776	1.6308475553724393	1.369143692981185	4.0	3.8583828568437517	
0.7269346700947231	0.2926028807646164	1.8747729069479009	4.0	0.47310634265057827	
0.8120729846455694	0.15025669007952258	2.1730746517782618	4.0	2.261104609094734	
0.49994824383841785	1.937989101362771	1.2011002110159468	4.0	2.833914912764893	
0.32580747203837324	1.7658721428646218	0.9259075802809515	4.0	0.22945613338176685	
0.5410355242218333	1.4443793633886806	0.8084183351036209	4.0	2.0616265402349807	
0.4671225778095538	1.7687001267069298	1.5785074000212005	4.0	1.7140854864237993	
0.27590360601153574	0.5495844200139697	2.182137361813072	4.0	0.8349899797495614	
0.07353823253306091	0.9496036231161575	1.6719889221307325	4.0	0.13558426155619197	
0.14135825698164117	0.3664718294988887	1.4512957538381999	4.0	0.2239259841559854	
0.07524729815728193	0.9889872372403368	0.5509827816087008	4.0	4.720263150159996	
0.9174420811439703	1.4383654400833685	1.443226789751135	4.0	1.124129493099153	
0.4066507892620964	0.40590605361092535	2.7827343949133505	4.0	4.670439048749138	
0.5751567690517457	1.1860644119367965	2.0042867383826533	4.0	2.8325123110866715	
0.20184418411709726	0.8500179414832014	2.3009139855076066	4.0	1.717694352183644	
0.43919214491821623	1.3763008493349658	2.8819696560544377	4.0	1.391818084810172	
0.00861623644294196	0.6071276625030624	1.16329815147913	4.0	3.588936201315702	
0.7485592808504146	0.7137719426435751	1.829922261100211	4.0	0.00180183905834852	
0.902076565315061	1.9621494408043691	2.919874509800614	4.0	3.6898032988622047	
0.834556129853141	0.1957976287236871	0.2955949490145955	4.0	2.7402413892276023	
0.41369356118205625	1.2970836000370183	0.5982853044076567	4.0	4.633435872594727	
0.8177845339638564	1.8396559690823904	2.647056736055826	4.0	1.5678641805730864	
0.6903836694149467	0.20176373399794212	1.2495232070277136	4.0	2.3081231230404264	
0.43005861940583867	0.5530038804568596	2.9179761881630526	4.0	1.4007148292476042	
0.17957660695969502	0.7800010438216654	1.8536055616471163	4.0	4.561806809760858	
0.008295779177433515	0.3652291298336836	2.2982398594518156	4.0	1.8102983352203794	
0.004657436538866744	1.0067762593880532	1.9957637951471243	4.0	1.4394855952477266	
0.519399533848975	1.363221696155775	1.3724390310003933	4.0	4.518232104525727	
0.8109085933616412	1.7819715563554868	2.2127716920777862	4.0	0.8655774929827598	
0.1858121053937407	1.4216188287778426	2.0551411184361412	4.0	3.624179242918648	
0.5438321450332048	1.4050289181110318	2.5894570920417017	4.0	2.6454199269139878	
0.16585339789011289	0.919726055557825	0.5777469572251246	4.0	3.3219915273293523	
0.3214353239838139	0.4451430275218553	0.5293198803559065	4.0	3.6922058520611274	
0.7040413578614168	1.7366905385792577	2.5765892249181643	4.0	2.760847006464662	
0.8400041020051252	0.9779396434534227	2.0124094256387735	4.0	1.98100197895595	
0.6285656633148853	0.6414104562954972	1.7941700907783202	4.0	4.564632649025481	
0.14469224191572416	0.6684392226282871	0.23508706565494009	4.0	3.9326740585700986	
0.2046681011092658	1.5336283145905054	1.0911283738399664	4.0	0.7332956309651084	
0.31484347326996376	0.22590885988270193	1.1693183041152346	4.0	0.14489035305774167	
0.6940417107673263	1.403371457792337	2.1300517627246336	4.0	4.5753494127112955	
0.16468596942625857	1.8592744940726043	0.9285176860894983	4.0	3.540935911291094	
0.8678857073991085	0.9387499058384734	1.4668543988834597	4.0	2.2048226981625936	
0.41426448865266197	0.27555612792614204	0.6690497660064454	4.0	1.183602545050451	
0.7325575436343158	1.698282236213224	2.2553797519240995	4.0	2.3520243470491913	
0.34334851041249737	0.5720598320981896	1.9996305690270888	4.0	2.224925908432879	
0.3515647731125977	1.4829910565173758	1.2754410738042208	4.0	3.4853350623468895	
0.055499635011228565	0.4780136684743159	2.6382805834591045	4.0	0.547856269406195	
0.08573130272556839	1.466274257400002	0.06893092237981646	4.0	0.2860423667072298	
0.9686900190865745	0.3389802260770065	0.750864965583077	4.0	3.742301657943925	
0.8565574387751554	1.3247000150040846	1.3823344063326892	4.0	2.577997566112058	
0.4122698208513286	0.050506852483373166	2.551111276060288	4.0	4.798554689123159	
0.10331919939773082	1.1263653421393074	1.0956124239198664	4.0	0.9312514602395322	
0.025641980999409508	0.013663648534933737	2.1657910917885124	4.0	0.08266239154351984	
0.6389500215193595	0.2945352312315497	1.8452121921529323	4.0	0.5891085419280268	
0.6754008602532615	1.9708188766921224	2.930683636021618	4.0	4.963229525931345	
0.5466905548640048	0.3857600307295015	1.4216628860814091	4.0	2.391295769241197	
0.9659767375279971	0.8717783427384782	0.953493868919388	4.0	2.401806590801077	
0.21302866528417475	1.7268178300366743	0.6135966055868465	4.0	2.64023622047505	
0.7580347163635256	0.9311559198579338	0.8690561391501574	4.0	0.867781891998185	
0.8480659093410817	1.976987892552559	1.3900266637809042	4.0	3.216497456693656	
0.854483511719512	1.2725252503873978	2.264260509656159	4.0	1.7352155093320936	
0.1660720653669654	1.0633227485765504	2.0898453616688357	4.0	4.865458339847222	
0.8249401855024984	1.754199583345278	2.8048303035198954	4.0	3.848849431320084	
0.4170662064389197	0.5715225198178506	2.6689316216489742	4.0	4.07647431343687	
0.33957135219394863	0.5409310643063763	1.4078339373776256	4.0	1.0566262149913208	
0.5499308172419228	0.597545031538123	2.2817516287309485	4.0	2.8949165656987685	
0.1101396387878043	0.5930553753224672	0.8580092255110822	4.0	1.3491489695248111	
0.26916840423552335	0.4126544830359202	0.33507639973944925	4.0	2.609598606295646	
0.24210821848501596	0.009182574360941054	1.1052122573150602	4.0	4.762353472971619	
0.46771298329499833	0.4857543831314495	1.6953031492581114	4.0	4.429186380776516	
0.4418967093861649	1.3183411204771514	0.14586715796646788	4.0	0.1639713774607482	
0.16138436282545565	1.3896698945851305	2.1936240542869925	4.0	0.8741025081148168	
0.8483542248741038	1.9381680871017724	1.2702056585276624	4.0	2.1589520422577975	
0.5424532470879757	0.13994939709336807	0.8124593282074556	4.0	1.8911409737041591	
0.18052559097997	0.4609804196139151	0.9524709752017475	4.0	2.3671944771198072	
0.21689783783369287	1.9233999588993096	0.23714925124954256	4.0	2.2794085239626143	
0.43288677179903645	0.2727244705311329	1.747187927316678	4.0	4.384696108816845	
0.4248908699928593	1.646794121911439	0.007466876706647696	4.0	4.266569607549327	
0.7180366717313486	0.15079783632887445	2.716351007162151	4.0	2.9037127434882395	
0.9929471295553459	1.2120693854562077	0.5473806142986998	4.0	3.6074789993201772	
0.5854119232614683	1.0781268418766168	2.361173991528693	4.0	2.5520419174731073	
0.29236603250311155	1.2964351714426017	2.7885468507050897	4.0	0.28951313350076724	
0.47995170097006234	1.927816437345997	1.293872586717173	4.0	2.566823000074148	
0.8217035282742227	0.7939718147737711	2.4496696490074887	4.0	4.847384512700776	
0.18361345293442755	0.902181143135331	0.014514032709574742	4.0	3.0063226194139236	
0.08074792017983146	1.6413691749458645	1.1337110989074763	4.0	3.9357309604005364	
0.8813781290690403	0.6252930367272307	0.07946851033101521	4.0	1.1712179590626821	
0.2597224043995934	0.3656014583448526	1.9104270915610573	4.0	4.279260500889746	
0.39320387169092663	0.6359063603512498	0.5216849116905733	4.0	1.2316744746570936	
0.6413566960186973	1.7654289787462965	0.5851703818987449	4.0	0.0959488384106616	
0.6466653478449385	1.334483570268209	0.1812394569015361	4.0	3.5427355539361094	
0.9607620860879883	0.551399768977066	1.7834602907188084	4.0	0.8039751066911388	
0.38801440841435975	0.2444151703127182	0.6963714994097464	4.0	2.9928186479056667	
0.43417809236804594	0.07594877709835557	0.008152997654708893	4.0	2.9072028458195023	
0.6850836533534288	0.3351395175314502	1.2971897064424553	4.0	3.0482479465581	
0.5633674604467702	0.20592495756805906	2.902021870933043	4.0	0.7262937246002937	
0.9786800762888236	1.1257665423716519	2.382847287598622	4.0	1.797873343518116	
0.07193779431069258	0.43203361833360576	0.2284547014016861	4.0	1.5074066518438045	
0.9770395991847508	0.1897644121496176	1.7608292534140193	4.0	1.54161603064092	
0.07639430076743525	0.18222146366518355	2.992563671509777	4.0	0.8068428980200015	
0.9111385151995127	1.3928072759993633	2.798374526409085	4.0	2.8667861584117604	
0.054288557747453	0.638424844890199	0.9543178740257336	4.0	0.9767509238103972	
0.6106048212377737	1.5800887000568886	2.9650886113473263	4.0	0.09518960208277027	
0.468245781053347	1.4733890433873742	0.7574070154731463	4.0	1.5294934536565568	
0.49873152438061763	0.2139254481936128	0.6734572479477497	4.0	3.562217815796682	
0.6113795229353148	1.8440933248495335	1.8743310606019918	4.0	1.32691509272381	
0.03854760260241619	1.0839354834398838	2.0241243456227527	4.0	0.8127014789561177	
0.5609995464581871	1.6429585840874934	1.5068562590428956	4.0	1.355820566702749	
0.6823054408935469	1.3774101901196065	0.4945898525023017	4.0	0.9555337160651206	
0.7722383389572004	0.3209616107550748	1.5160105892376405	4.0	2.1040967487011493	
0.489641521252813	0.7317911432736834	1.2563341980134508	4.0	1.4230882715419713	
0.47800642134206783	0.5461444607682204	1.2947779828185744	4.0	1.7794074161982913	
0.47736166290211857	1.4853799049282064	0.33706527453267854	4.0	4.946486426123554	
0.5030462546680934	1.4765177858854088	1.8488276597321343	4.0	4.308998946756998	
0.48900660773589555	0.02549619021195526	1.8307406858599193	4.0	3.907056126003648	
0.717734684412948	1.285177824352418	1.1699774847228475	4.0	2.9782041252045777	
0.7235099519870939	0.3422787704339332	2.914388696180793	4.0	3.647559170994093	
0.27400197621988653	0.6132298495096753	0.15385871346284996	4.0	4.863078783834615	
0.5967599536077483	1.672893182987908	2.0394975637733923	4.0	1.676133286466086	
0.06582090535358243	0.9356568448309552	1.1674033890674629	4.0	2.2474690031584004	
0.07894894065973634	0.10230672044891764	2.5522103557921936	4.0	3.284151197165718	
0.9410461775143746	1.7504678571656258	1.36651625911838	4.0	1.3509129331079206	
0.23330288360496498	0.1809707300797163	1.942941608712576	4.0	4.165796074901655	
0.031048451580426795	1.1622268342966129	2.6132434040128967	4.0	1.2598764586518936	
0.6906497455801899	0.08501996903466691	0.5479341438710301	4.0	4.699834575314898	
0.19438103773457605	1.6830535405126474	1.0480066107529176	4.0	0.994970496509402	
0.08861140858576566	0.06145388369990612	0.3538531152658373	4.0	3.2976235363280533	
0.185132282517964	0.9481273236004746	0.33843157057751994	4.0	4.916075360701722	
0.33696048278774937	1.177440335796594	2.766129087956819	4.0	4.155259943668861	
