la1	la2	la3	la4	la5	
0.24968752289435203	1.2739499654121114	3.0	0.6843306579904849	3.0957801490522643	
0.46540831861505605	1.107031002153634	3.0	2.834695349056352	1.007550426521524	
0.6382980076836194	0.22184000556347394	3.0	3.4699840614333417	0.1987412826146212	
0.8630716944215381	1.2320410693561687	3.0	1.3534916779288242	0.9808297066896116	
0.977570787309797	0.4293532378520106	3.0	2.41151585103567	1.441492209132314	
0.530925486534021	1.7567212966671841	3.0	3.8661338869706197	4.351843297599928	
0.5930669071593024	0.7848172570994758	3.0	3.55312579529082	1.7178379276300944	
0.07614803819941673	0.4351168947093984	3.0	1.8952005502641014	4.674590467240895	
0.9838701130163535	0.7133705324944601	3.0	0.3587907262407981	3.524852209375183	
0.7979026998632398	0.7535774202366252	3.0	2.2601008521328327	4.697217624344888	
0.6624133940321144	0.24998842864265747	3.0	0.5859812296451765	1.5544593261638955	
0.6237714127819262	1.5071495769228846	3.0	1.4718763769821432	1.0782536295175378	
0.4490215513467183	0.35907746565411536	3.0	0.031470016294373515	1.0913299474065212	
0.11300984814075676	0.6586328264939056	3.0	0.15645044696339427	0.588724887379225	
0.08470353049959611	0.6570561807980835	3.0	0.0971776577959127	0.7071826567121964	
0.13780622663964015	1.6801887121513552	3.0	1.0535887371895427	4.8145428548684475	
0.5223122435634937	0.2417098165395759	3.0	3.134542300260902	1.7013753222640249	
0.04852439307896195	0.3654353919600106	3.0	2.9591005210719663	4.9763999562813845	
0.5017354082651851	0.34056074968289796	3.0	3.4303019977301403	0.18354100983852373	
0.37719161515493205	0.5069693696842621	3.0	2.423452034826175	2.2810744684645146	
0.21765227070265336	0.015981994144407263	3.0	1.4371836241971647	1.344476628262166	
0.684860852623026	0.21488518933012934	3.0	2.518314496419699	3.368860857571825	
0.7174604411660385	1.4320955169788938	3.0	0.11044175370314635	0.9811393643121025	
0.6095275659601588	1.6298076369662697	3.0	1.0932173840380486	0.48506082763941916	
0.4547319764880472	1.4005146639113153	3.0	0.43715362935585045	0.7106656547917745	
0.43096234441337566	1.818100573750843	3.0	2.098770432322103	1.8681652010985665	
0.12278196330806546	0.6784649159471958	3.0	1.8371919977279703	2.2201512426500223	
0.4698568107644052	0.6405660808465548	3.0	0.1188621359302573	2.9210778987622965	
0.5740764996911703	1.814428267146216	3.0	1.0520540196593409	3.494620917435159	
0.14957824392089492	0.9598069026373792	3.0	2.061243001017829	2.164676174475029	
0.5244960109389989	0.28868508682222616	3.0	0.9560417572825664	2.243496404124576	
0.807466138831525	1.0942787310098931	3.0	2.2610839302325685	3.9196661124805425	
0.44193333201007723	0.4222992579757783	3.0	1.0942817842223804	3.127198725450426	
0.6058037847725719	1.665003889383577	3.0	3.6339596748356517	3.3041424158456882	
0.020666969808704194	1.8924698401640663	3.0	0.6614356272226063	3.838638851864725	
0.2549640321955313	1.918263599692847	3.0	2.4417374623349626	0.07975231039640707	
0.8030417480964286	0.1945522785852969	3.0	0.033101455169921135	1.833014347103118	
0.7287360501288694	0.8794980309363676	3.0	3.664333847729095	1.7486597068109733	
0.6508397217199663	0.42124455870059174	3.0	3.4155179051664923	3.0097494646639174	
0.9532172947053725	1.547688436218092	3.0	3.1600692207194823	0.4587577251551628	
0.7684821229933106	0.5474961414333037	3.0	1.2462802574464336	1.2027123784800053	
0.1992542486057417	0.4818595545448827	3.0	3.8606801210943	3.5712219664079514	
0.240421501628183	1.812486307235752	3.0	1.0383211927421399	2.736214731528514	
0.10743766559216594	1.677009262608426	3.0	2.2031757015403306	2.225241001575805	
0.8653855321651398	0.8098338003313539	3.0	3.703927191974147	3.0169780638265293	
0.3831464931877039	0.8763381805690356	3.0	3.8766547894292405	2.4151763470542105	
0.3052174897396088	1.8255614076762825	3.0	3.9335927827443777	4.713578635172161	
0.6341954339069132	1.128381587281051	3.0	0.26875619323203326	3.342963036385187	
0.2480743709286991	1.6843922862797447	3.0	2.9997820723163975	3.9592523410461142	
0.05526149441318107	1.7405809270134283	3.0	0.1918620242966047	2.473114592780659	
0.8584019382736847	1.3186478846364886	3.0	3.3368882590768725	1.1028318212420611	
0.3533085868081062	0.9930632441816067	3.0	1.2217929353086885	3.481453373154573	
0.25826495411773587	1.2019551767483267	3.0	2.7739347055708397	4.582092904515113	
0.7956468308398882	1.5594535925130364	3.0	2.057054655364015	3.1519389752616638	
0.34058383910707557	0.024921681589628708	3.0	3.8306247998935645	1.5864605884892624	
0.34203462274541285	1.6287838085294013	3.0	1.5114706404526697	3.9341221742141745	
0.13076722434646615	1.907339584787756	3.0	2.8115352866786867	2.1557101017696088	
0.7179906725220158	1.8765985208223503	3.0	0.1520418739637126	0.5142082665579878	
0.6194192444311445	1.650834587024306	3.0	2.9156687623559225	4.250190483938412	
0.32209558921646264	1.3177878426751333	3.0	2.1105146733625566	4.845841254501382	
0.5945030205430782	1.864784117982745	3.0	2.135779370073015	2.1352525057347416	
0.017254928601056485	0.3500915925797756	3.0	0.9440522134051657	3.4737902087375265	
0.8366963546217298	1.6610485097283734	3.0	2.9458191131227682	1.5939792420906684	
0.26955658022628626	1.1088103079483562	3.0	1.395946264169417	3.108928962789082	
0.25368964024485285	0.5981948828654162	3.0	2.8475501125977787	3.733090953944722	
0.933814268192061	1.3583851683376253	3.0	1.52745942754935	0.9255110094254904	
0.8470253153003926	0.7882006345632815	3.0	3.4537606176984306	0.5901822764669795	
0.48259405858322246	0.2748093351159868	3.0	0.06110802627280343	4.424203047911989	
0.48789516327578675	1.5327510213245341	3.0	3.7183759158408467	0.9551142174060501	
0.5364595870513901	0.08344309178351939	3.0	2.1911254508110938	0.6925749517141838	
0.3453539809017957	0.20447177959896545	3.0	2.821047688201138	4.335250033558365	
0.7924265192232363	0.49800310580126217	3.0	2.7359146605703883	3.8141751020992687	
0.36015730807481017	1.204050951773676	3.0	1.9877412990676295	3.9352925100604983	
0.7486412358097904	0.5165745132178594	3.0	1.1929094472198063	4.085877479784789	
0.6730346144937002	1.9144557495324395	3.0	2.6165876383646065	3.5007203429845264	
0.46024338046886515	0.43718487532337136	3.0	3.8797790545484485	0.7155609664280832	
0.4898928510753092	1.7860012280128448	3.0	1.571823133361863	0.4007344287304543	
0.028083384555824042	0.01097196868057626	3.0	0.43453752074089014	0.6746548018541793	
0.6328608666167937	0.5689194615229227	3.0	3.636278809010712	1.2133544367963696	
0.11792148401449065	1.811701886677949	3.0	1.774299335049554	3.836369165909748	
0.9350140475679685	0.8252264937287401	3.0	0.7399873878281844	2.54935901607276	
0.32850881358448303	1.69054612362629	3.0	1.3337923085306551	3.7868637513919623	
0.8737637151161146	1.9593896900288166	3.0	1.1859938217194612	0.7080749048038371	
0.18284403674832916	1.5094016015726786	3.0	2.2942673070563715	0.5944783679137111	
0.24027126080125671	0.9840286757197629	3.0	2.7968380882706847	3.5088418805327977	
0.11708318365794734	1.6711261973110962	3.0	2.865176955344359	2.792742373179319	
0.6134390458331946	1.4133107450966198	3.0	0.20575393582451884	2.6611183766396733	
0.9630119099519725	0.4348717207039623	3.0	0.282756595080651	2.240914765622246	
0.5958371636616141	1.125300403364851	3.0	3.109643889818636	4.884335007830401	
0.906620455942738	0.11965634933258973	3.0	2.3599888373224878	2.3769998360003584	
0.18113011046175298	1.9217834602359039	3.0	0.30301872966783794	1.3052959286180248	
0.5590002906853935	0.06153534945887196	3.0	3.626652740598534	4.262378870385742	
0.18672581844800062	1.9401939277901656	3.0	3.761570860181557	1.8886682300074793	
0.7188290008253512	1.3986515748693142	3.0	2.6674084908053564	4.07578246054252	
0.9940708743845982	1.7063848413262546	3.0	1.8181688630049497	2.9777246976440512	
0.305882828724822	1.9141019302201547	3.0	1.791454065598363	1.1154268718082916	
0.7568917579188916	0.4958644706596764	3.0	3.4905173860514944	4.740794644929839	
0.49359324455328824	1.7141287423697296	3.0	1.3161092287961527	2.1522567598055318	
0.7532182059011919	0.6782651644264488	3.0	3.9328348300012035	1.8501211544627045	
0.11548303898306023	0.796578239209784	3.0	0.22694609055615889	1.8891586471797872	
0.12404772580276568	1.844409282834182	3.0	1.1585317629255716	3.298213087158828	
0.43462746105190153	1.080131980663218	3.0	2.773615912833322	2.677016574578637	
0.3135305464066218	1.419081436711594	3.0	0.054540998018145714	3.572600681826101	
0.41937422873227803	0.16320395764326978	3.0	1.4262458851860425	4.382503648600452	
0.41372251918555036	0.6324762792712404	3.0	0.11869721664029242	1.0267788960866242	
0.5142582490852964	0.9441772140414961	3.0	3.2095505071395394	1.996825109477662	
0.291364725066681	0.04065690544704137	3.0	1.8408571108547136	3.6801434329480114	
0.7246795906338775	0.536299669734972	3.0	2.0521638848711508	3.0330816643299183	
0.8090005275107127	1.5300714609321378	3.0	2.665172121991218	4.771659970211842	
0.14721993839655412	1.1668197051561124	3.0	0.7904694397658698	1.4526434978284886	
0.43845121354267846	1.0114669174373507	3.0	2.991632886790141	1.4292708334294113	
0.21629187318095044	0.5242246456932385	3.0	0.25044730389887704	2.906543615037805	
0.34144739507548505	1.3940308594719395	3.0	3.1114891945880903	1.627322753007991	
0.7503709836263629	0.17355945607021073	3.0	0.1470562056694198	4.776123907115676	
0.41053821257531475	1.953187040095603	3.0	3.2483935092855987	1.4329639647293342	
0.2578214203835726	0.8766736301053086	3.0	0.5344503245921057	4.30823392762156	
0.517355804313209	1.577306526599362	3.0	2.9055375125176464	4.0945980792400745	
0.9188675021518813	1.1625986388213085	3.0	1.8313603093988915	1.1030083130236257	
0.598432435912513	1.588974809158705	3.0	2.7688693535016835	4.603492537973526	
0.2889212837962384	1.8175636124105985	3.0	0.6399248872169219	1.0294030013041766	
0.9659882539648231	1.904941882924158	3.0	1.3862670725976765	2.3705703801498794	
0.6112501962824923	0.5358528803518365	3.0	2.148845581521844	4.4058062834127	
0.45614088076872183	1.0910003046873031	3.0	1.8365369932211317	4.232765095855339	
0.8511582521916577	0.2597923371249844	3.0	2.699526736880237	3.116681084482171	
0.7522224926686621	1.5595272219524696	3.0	2.515223197066535	2.84864491628178	
0.8957769142348226	1.4295212790564553	3.0	3.9881780142636076	0.5540093232597287	
0.647768696313496	1.312432184810859	3.0	0.14840367289239476	1.6926595393894617	
0.9511144046812792	0.5682019377342051	3.0	2.3835053913218904	2.737699936048749	
0.08690217737589678	0.6079803200168064	3.0	0.48780400882241537	2.050234076899655	
0.1123966679154107	0.900937533182242	3.0	3.8386823206573237	1.455069567681682	
0.49743259930353934	1.2789279283825778	3.0	0.23586187588930096	1.7344009147414878	
0.7811001568738327	1.4119832539089852	3.0	2.308690056889673	0.9156396090209373	
0.5086298500617928	1.5006317534083609	3.0	1.0268471916520068	1.5666043845132434	
0.5815473275371621	0.206422989669083	3.0	0.11791618670488102	1.303903165078475	
0.9889125104502504	0.15838024863717326	3.0	1.7744973461153513	1.9445734031650341	
0.21866912616991896	1.3597260566356903	3.0	3.050237794380003	1.7076054466456108	
0.45146595217336183	1.47492664078175	3.0	1.259580359774957	2.9482923179801883	
0.9903737123603777	0.5917591022897704	3.0	3.578314099041578	0.49500284298016284	
0.6937344028699277	1.306461142826452	3.0	2.6016728025232103	0.38452921278858077	
0.575315788070397	0.27390075447383855	3.0	1.5926902139119812	0.13225322536320527	
0.9370707086398922	0.3485695400645332	3.0	3.6017796777478255	4.582488490655728	
0.2030084059063595	1.0945789298928754	3.0	3.0200214115196884	2.9441418860011845	
0.9237169979693716	1.998998427287822	3.0	0.25104470812305557	1.4983574239724484	
0.22477039997696335	0.08854881986580554	3.0	2.5921403057055827	1.1550652866959632	
0.21272256465171213	0.11899135051942777	3.0	3.636209922178509	2.8115620595540864	
0.14446276638452926	0.7377775436353471	3.0	3.744499064458722	2.6932956230170424	
0.3738648113168209	0.17665521640232718	3.0	0.5964964747801211	2.1559330230402125	
0.8275615188717964	1.6479302406314145	3.0	1.3283035014795668	1.3233890227547036	
0.7998913339318168	0.8221111793494995	3.0	2.8973176866228836	2.9365494619235353	
0.5440893887352695	1.0049466312554751	3.0	1.6909378426985389	4.723151448151306	
0.9951216040441484	1.0996498045869423	3.0	3.9427230036570724	0.2404346495020665	
0.5283382661128624	0.37927955863220086	3.0	2.8503981084709533	3.2673402258720334	
0.2368964987913721	1.6142927721509701	3.0	1.2895681048845273	4.654929638334397	
0.7787912347769596	1.2258259670340366	3.0	1.0438947407219352	4.546348878741171	
0.6205579980538211	1.6942094465678164	3.0	1.6493368005316968	0.09612685085191308	
0.3566103205634643	0.019855770615576196	3.0	2.5839080454918033	3.7156886877270354	
0.9989570983674823	1.2052961244597225	3.0	0.8976739651260606	4.159562434358093	
0.004796067787393055	1.1551287834925121	3.0	3.9446987936458107	4.219273306818984	
0.9268023034569632	0.6740677407720108	3.0	0.3391965882616801	0.02811635312131855	
0.10231117518102473	1.1432398103851058	3.0	0.24697863816238685	4.490609822850127	
0.7785658738194603	1.0265511435391674	3.0	1.8471387420631324	1.7836985485461387	
0.4896379725143758	0.38383034851967524	3.0	2.0632010012973034	0.09094530174614923	
0.6367133114442816	1.3235157568748088	3.0	0.4334095058835574	2.385317719086719	
0.769284194212688	1.7959927866238974	3.0	0.4001410980093332	0.6955278005083365	
0.7448796331347004	1.6140401630926882	3.0	1.8568293489760568	2.250464624525378	
0.8708023481251653	1.0505341861310022	3.0	1.7199883166894545	3.9567233358449716	
0.13263819043423852	1.004866544399292	3.0	2.9843131166849375	0.32484120793182414	
0.426260440015934	1.412032148417935	3.0	1.402925987218917	1.1521723045686838	
0.7328549547160488	1.8130746462308591	3.0	1.915619848848849	3.4042045979399544	
0.2111182828057887	1.5565692260862254	3.0	2.2642306066762985	2.6629006852256873	
0.542906455000776	1.0073105078740894	3.0	2.83948667601739	1.4606874645853563	
0.2747395869709358	1.126695813524723	3.0	1.5196888266830877	0.18246100553715727	
0.5520394566222244	1.785572270473409	3.0	3.827461126880376	1.928117039216151	
0.8165760124233905	0.9419626186661858	3.0	2.6102798618243357	3.8511329362275197	
0.9616203391386074	0.6370798182238451	3.0	2.0994632301462586	3.7820236518926316	
0.07140486693450732	0.6826874750461966	3.0	1.870331532602811	2.8650582245685245	
0.954254813602393	1.1794410638564297	3.0	2.209515185550258	3.5127173987410925	
0.16571029826568495	0.9702676819223552	3.0	1.2171143026992612	2.7010996451899465	
0.9558746060451813	1.1093927619348831	3.0	2.29394546890679	4.581345470981883	
0.33391510024910154	0.43342341347645386	3.0	0.17561318834898199	2.2677643794941655	
0.662777329973381	1.437491068808334	3.0	0.9854006019437649	3.258929653152867	
0.4832491150272783	0.13632903204601043	3.0	0.39436762072543274	3.3392789065910207	
0.6327924036644312	0.2897762225125018	3.0	2.537742621273896	2.490036716137035	
0.4613575924816091	0.5544927595923077	3.0	0.7482915121500002	3.698164579867187	
0.5843457850165376	1.7781469564103782	3.0	1.0144900312488758	1.7023539588675796	
0.7898472091480127	0.2599955742981792	3.0	3.614059144291166	3.9338758289457925	
0.38416232862740474	0.7616006861633937	3.0	3.0433660379722225	0.8395036792771182	
0.8731642866782001	1.1217546299007803	3.0	0.4470626718368935	3.754723221821733	
0.4150779454633299	0.6892956262396133	3.0	0.7934205279050817	3.9658314181576646	
0.40058972574301455	0.2920586287415208	3.0	0.23057652007608365	2.6722797149658613	
0.8762669176796015	0.5927852760818213	3.0	3.1862423687205594	0.814455993348554	
0.8536764943115165	0.9001992214264896	3.0	3.4444955900165826	3.258606198607853	
0.6456472528517115	1.4483349218425554	3.0	0.6067946232170218	3.776077883603171	
0.9370989072927622	0.8647344783777358	3.0	3.0625179179111948	0.19265412846561691	
0.38308743615774565	1.02131633316287	3.0	1.0085260890847256	1.8924001159705506	
0.9470899065476446	0.9559838220052259	3.0	1.9950813157552156	4.38692753545838	
0.80654358142806	0.2609446192896525	3.0	3.4505973527147806	4.474714979313629	
0.2313882493911943	1.1444831992518858	3.0	1.4861684485389848	0.5937148092085437	
0.008859278749714261	0.00814850636895259	3.0	2.6577239152294303	4.594207462675668	
0.6582383114682426	0.8377264675859788	3.0	0.1489327322510543	4.236719262223086	
0.12139889533457648	0.24455889199135128	3.0	0.31749070065145624	4.001749199517205	
0.6367184723910793	1.6668075528420208	3.0	0.2188589106525094	4.151658502928857	
0.7439999801252414	1.0201537612981704	3.0	0.8957511527650306	4.44233343465208	
0.10174720520867153	0.6024963185704277	3.0	0.8345377261295335	1.538589331275646	
0.2767568946410631	0.4978644191173207	3.0	3.7187478938074197	0.44347508143158576	
0.2824383216866745	0.8137834743343897	3.0	0.23573276974697155	2.765962523358195	
0.2578507461019365	0.5392270949001241	3.0	0.6364276648784211	3.779869463841745	
0.17234069177045763	1.5808548368658388	3.0	3.1675573136811264	1.1707512422830142	
0.7312941391450465	0.2859955743287532	3.0	3.8869030330819103	0.9911059093971203	
0.6876215499459605	1.8956181126472966	3.0	1.5907695840873877	1.9633231595228766	
0.2567653801919777	0.802071869297009	3.0	1.9733760350223783	0.8760960120175365	
0.1613062672435822	0.08367677861306433	3.0	2.1553209315760418	3.4891444277974815	
0.4211868130749177	0.7105448847145437	3.0	0.48727124691131385	2.5399779130101594	
0.20506962930173223	1.37617132409155	3.0	3.515138668671596	0.3497112134217495	
0.6224861615167466	0.7377742365094937	3.0	0.031370437879147506	0.6192110841129211	
0.5271122447450213	1.5933036294332719	3.0	1.995734792280337	0.2998782237122838	
0.31992922748225705	0.07309914095438508	3.0	1.7498770802817813	1.3733452449733774	
0.7466364231475925	0.15801137289480494	3.0	1.922700387515897	2.0860990578051086	
0.6987361079900206	1.9784204233525302	3.0	0.29270228481856586	0.33108737144498523	
0.6765821464081647	0.45433910065556904	3.0	1.1516926237897502	2.5949755045941836	
0.9888902184075247	1.3517060163329804	3.0	3.903567471686979	3.3176306098065127	
0.32134695937724234	0.3625250328194569	3.0	2.525810755711485	0.042416209350129574	
0.7949802085492801	0.3382071359949401	3.0	1.1618653950388866	4.862214793540474	
0.7972024650675126	1.823173324656426	3.0	0.20530396940572793	4.6011963537029335	
0.29505181534637603	1.3151355718345976	3.0	1.8392404615092306	0.2658279266004926	
0.8171454137319039	0.11749488620855142	3.0	2.417252170380275	1.5001497972417743	
0.7437877292944558	1.361834969430981	3.0	2.0113513380431596	4.251441495917703	
0.35536442277356795	0.9646259295117474	3.0	2.549274345289555	1.7993409656908192	
0.04821820041922542	1.0933679221584782	3.0	2.7558771149263994	0.5449322108616261	
0.5403853399044313	0.23418783442764646	3.0	0.39309347884274315	4.335194445063929	
0.500401784333831	0.6398400977474916	3.0	2.6592716914481396	2.6173836258613625	
0.19538202499266044	1.159377341790835	3.0	1.2597995767589234	2.409545908492843	
0.2720632805914547	0.8443826014437839	3.0	1.4276694762812614	2.2438394140680766	
0.32770839780753	1.9169995788273138	3.0	2.5146600611064134	0.11704271584377368	
0.9052195817176281	1.59468571459619	3.0	1.1485233989095023	1.1247874304471217	
0.5477086623403439	0.7002649266759822	3.0	1.2659923305274186	2.851992525889981	
0.8661211920225744	0.32408716079434874	3.0	2.4207008697163124	0.09718792779013607	
0.7128248817600343	1.7671921712803935	3.0	3.823979796257912	0.7572638395791387	
0.5892356257505016	1.4119667951328976	3.0	1.134370759386229	4.452802492904024	
0.005121901476266677	1.8442970919165278	3.0	3.152670523544477	4.5581346158855425	
0.8891332792790488	1.6076265343101286	3.0	0.9335867581755326	4.548356544773377	
0.6007646889689294	0.3513226154857152	3.0	0.21504397736331882	4.388304853494987	
0.5669622522041553	1.6761828584723117	3.0	2.0501147643233577	3.719295843940922	
0.6469243098836699	0.5769803046035205	3.0	1.222498952263471	3.671827327457789	
0.6769612103893957	1.6826028482049757	3.0	0.490529592508111	2.7896696914118753	
0.25506060318325297	0.3779153529560719	3.0	2.028941489196487	0.35224156123558503	
0.610022256754729	1.9352976792912153	3.0	3.175402686131399	4.982144970570943	
0.17752481493138972	1.943908390516981	3.0	1.4814418519986288	3.9210857160417323	
0.19865258956055076	1.0598387422582396	3.0	1.2459557335555473	4.101943720256019	
0.05448331310692378	1.8405979562010497	3.0	0.41670195200322313	4.929718923617196	
0.321736597210607	0.9595016409486774	3.0	3.427574845682162	4.6847737985103635	
0.7416301328106017	0.2568725683680291	3.0	1.044463968083822	0.851448845872046	
0.728763505008128	0.6406776441145765	3.0	0.9430090052939848	0.13770898087078265	
0.04292130559516516	1.2253860984089364	3.0	0.008927913630073725	2.1943260708736982	
0.831335918059263	1.651812522250531	3.0	3.6703911142070638	1.242427563178368	
0.6523772426977199	1.5532029472993556	3.0	2.169187587790002	4.369928242401262	
0.40185552999817364	0.12258434916607586	3.0	1.3761337026416078	0.7823840067375248	
0.5708602063170701	0.8764480258530993	3.0	3.045426430674124	4.57590746811956	
0.9854528783591069	0.7823768976086611	3.0	1.7175206407706467	1.296052660605223	
0.9000075061788285	0.0803882644509002	3.0	0.7243208894267221	0.15460001654406919	
0.13170713515794186	0.39763074451723646	3.0	2.2251031675524087	0.28165305194280565	
0.5465369807623816	1.4203070022936883	3.0	1.8432021244992516	1.3784989353073769	
0.6790618847825369	0.46344702403068405	3.0	2.886712772815991	3.80910226880991	
0.2732185192233292	1.1020707201270146	3.0	0.11573667971346913	2.6218777214110474	
0.5989498748684824	1.516058468957128	3.0	3.2936412163126185	2.023295746968758	
0.8823708117075727	1.8212341668058902	3.0	1.250110179146966	2.304574671697588	
0.4232496836698626	0.3573825277753959	3.0	1.5355424058696907	1.575840985143273	
0.962692424477304	1.9724212605656324	3.0	1.031903207409636	3.041358556986322	
0.4735300958524249	0.8922057148733482	3.0	3.904804297236285	2.344489276787871	
0.298074358350488	1.6113961207160192	3.0	2.6684717955933275	3.939431174837613	
0.9630098301294779	0.9867295527948003	3.0	1.7752766250635186	2.3845379997355294	
0.6292989189728736	0.07897103674597528	3.0	1.3505631807314238	3.8088634777760726	
0.1820986913368634	1.4944094280002398	3.0	0.3737314281506299	2.6404912745222564	
0.5550062065926089	0.4996084945416741	3.0	1.0960414939363465	2.0127549124959945	
0.5076932764258852	1.2979876228159275	3.0	2.9435569475477408	1.7770769983700918	
0.7099057806114728	1.5454240010115194	3.0	2.6717811831441276	2.755307525908615	
0.22576463170686212	1.3796120117316004	3.0	2.949505485755586	2.396766590228951	
0.18868072615252263	0.7488748703172003	3.0	0.12692796574707144	2.098082687734426	
0.06250427980140494	0.8745537941099606	3.0	3.601997265431655	4.247915418748514	
0.14958414135445297	1.2738040701221618	3.0	2.1811702386639347	3.9594920603621473	
0.18829692616742266	0.3094845362992893	3.0	3.305423225378877	0.04524947180405747	
0.2658660748322311	0.40800786542347844	3.0	3.954306779046497	4.258304100971719	
0.04875260979536822	1.6014870248095248	3.0	0.2260500389905684	0.4704117109538952	
0.3097995115867973	1.7253493498353065	3.0	1.7648314743220452	0.12459342443834787	
0.3044424614344913	1.8674106192636213	3.0	1.196631097238107	0.618001248787321	
0.1768871527892727	1.6248194586809066	3.0	3.6102937465464415	3.8537033543812607	
0.8019933394854167	1.944493472455483	3.0	3.7550492468194836	4.072261969376344	
0.8446843967269462	1.7313777621053446	3.0	3.224400127744521	2.3453716982414416	
0.9623205297999969	0.38570446752311893	3.0	1.7151736732040233	3.192455483973911	
0.6217603213888386	1.5951738363342847	3.0	1.9205504979598396	0.9652629438611782	
0.07101654912189381	0.6842157831379778	3.0	2.7663018743344012	2.102879940903812	
0.03197604412058308	1.367217566116234	3.0	1.7779077242537316	3.094408508170186	
0.7437773483342356	0.9938033721261599	3.0	2.3431508613522034	4.17418460225309	
0.7363889107153679	1.7590898792035363	3.0	0.35084616208320263	3.92930939508971	
0.20794042463506612	0.28334234224413724	3.0	0.04336499577093189	2.332828762972804	
0.3585447588633298	1.9356182878503378	3.0	2.2109145952759937	4.435827225084471	
0.2260790000206061	1.5182169812635922	3.0	1.8016659311442487	1.3815867019616612	
0.4978740382968997	0.9631986514259594	3.0	2.397665030218218	3.2387991634059605	
0.3158437762229934	0.3972408054371921	3.0	3.1975469016191704	4.5854459316523215	
0.8018101725549885	0.7256330862286702	3.0	2.7202261097070255	2.0168676026463745	
0.13316893657519435	1.4226053437622697	3.0	1.19366340118308	4.213709172246388	
0.5302081533019828	0.8297352332332126	3.0	1.9182105570224763	4.43985713370661	
0.12060752779516026	0.049365606201269285	3.0	1.3965566408580723	3.9720797513864174	
0.12376527222927414	1.3322450052203074	3.0	0.8622112578014418	1.8423119134967403	
0.5414971458310955	1.0134104516822284	3.0	0.9367867586484997	0.5752921178536546	
0.6330848188273799	1.7172702373493962	3.0	2.0759817534756486	4.411517207907875	
0.03442382640388708	0.09688375606541277	3.0	1.4983686386474888	1.3251367626011112	
0.09675375437198463	1.3374462480511664	3.0	1.2272370397872834	0.8161577573067513	
0.7874207062399985	1.425635557803388	3.0	3.7509038239266426	0.40255771596106327	
0.7047576809411524	0.18644754294332233	3.0	1.3343526277418807	4.169473569670016	
0.13377203907215152	0.6740276463496364	3.0	0.21698683310344835	2.3855731545876795	
0.9501735298561713	1.4867951147799687	3.0	0.43718597580339535	2.8446048326264983	
0.413999881840303	0.3270933111582337	3.0	2.687817089886785	1.9940082166038509	
0.7318916810177972	1.3884340211243942	3.0	1.4601921944034055	3.882586117012847	
0.7186053854813823	0.9140496266370179	3.0	2.357600941445921	0.6266593079273602	
0.05131327164492383	0.24464533427447432	3.0	3.2851233486725393	1.9954560515896098	
0.6164100156346963	1.2932841751487587	3.0	0.8220202198360105	0.7486900433590005	
0.5676870798771587	0.39114525294746527	3.0	0.9486420975975491	1.081274091737101	
0.8156086310837027	0.09686593316304704	3.0	2.0093903471501116	1.131623267823405	
0.28771237098677094	1.4743763485540426	3.0	1.0638497372506661	0.7476039338656143	
0.03659133115975488	0.09217902899356822	3.0	1.8565483899923012	4.5172298929044326	
0.26704983126563975	1.0062551389577328	3.0	0.3764556257440965	1.1900058209338737	
0.7618030873269177	0.35403860994150116	3.0	3.276010544933091	2.531073725710813	
0.8529638964829568	0.16648643448797507	3.0	1.8159575131532617	1.3922660459883134	
0.9475290694964347	1.7048649602901123	3.0	1.576894904855386	4.693712595399852	
0.3178913180765113	1.3552382222064168	3.0	1.4443722932897627	2.8880755299175775	
0.26857693480574163	1.4893887466554057	3.0	2.3982583210041613	1.0669615512262203	
0.5297652382400256	1.3070156136798807	3.0	1.3154114529494154	1.5000979567237593	
0.7016750792444181	0.259341123249863	3.0	0.470684747530429	3.3267041985271506	
0.7120698303610097	1.101609999768776	3.0	3.142607353533585	4.877728683402285	
0.9415710380645627	0.6665286461182935	3.0	2.0645858360776126	4.675364484332336	
0.7422442821431678	0.8155335950231515	3.0	1.013742168465677	4.103907291156574	
0.4873335539878977	1.7287280822115898	3.0	0.9693566188247753	3.109277902984263	
0.842557246946901	0.10667764629276788	3.0	3.11937054283339	4.018644060460112	
0.2978807939014658	1.0258780063167743	3.0	2.333384935478944	1.6005317440933227	
0.7837595687644299	0.2710291645411469	3.0	2.238241133274726	2.3073529350922026	
0.38437202286803873	1.0952084062677572	3.0	2.844245848129404	4.678861189748149	
0.020509682903126047	1.4698267784621182	3.0	2.9597336466570114	4.935802036300554	
0.4781341894539083	1.9278900233386542	3.0	3.962226506801371	4.945827625547626	
0.7845014015750564	0.5321113584603048	3.0	0.33671249364895184	0.5192631109025048	
0.5717925185310238	0.48237214062831346	3.0	1.14058164922726	1.5513935609756428	
0.7394899576440408	1.0810314575270394	3.0	2.3544374136268513	4.79068131565451	
0.8958167410584518	1.7030555741836981	3.0	1.2280802636366017	2.5987091917808036	
0.5408831153869963	0.6327606322629811	3.0	1.3824809418837387	0.12686995322904848	
0.3249730587464956	0.5620720713292582	3.0	2.338628846722947	0.9127496405253138	
0.16787969187027385	1.3794416702998364	3.0	0.05607371137723005	4.553797471446313	
0.6447113193087649	1.24366253872316	3.0	3.8944769587052055	3.417918009931392	
0.48055219029870877	1.7576241183221404	3.0	2.974647810135825	2.491135359334148	
0.9885949087481283	0.5511269717244602	3.0	3.260786784475308	3.505102240922724	
0.48005088521803696	1.9457012362158235	3.0	0.53250638379681	4.749823665216745	
0.8226022374091247	0.4618680274299696	3.0	2.491279670202771	4.581211843896927	
0.5554877993346262	0.8390788615694658	3.0	2.740357946698489	0.40771169769326765	
0.2802959961057049	1.2580375690429364	3.0	3.462212151993596	2.801318826572648	
0.8554223891463995	0.15162103429356222	3.0	3.0733823944104905	0.9405614124054373	
0.023618932527326497	0.09127802178935607	3.0	3.616847729490765	0.03453875113051563	
0.858287439886972	1.6900154081877212	3.0	3.9379174439299907	0.9750686263143221	
0.9350775682160956	0.5840612222834609	3.0	0.0753986979646899	0.5831416096331549	
0.7065338830717379	1.6093135350845194	3.0	2.167764578546062	2.46054396714314	
0.9418742513133103	1.193112121580563	3.0	1.5985891298530914	4.540224970664388	
0.4226544407378251	1.7551455258303779	3.0	1.383559534014414	3.1687713299862	
0.1344567345415313	0.19279257738237443	3.0	2.1769496747313477	0.16983246347914094	
0.6252216236020837	0.664084445927076	3.0	2.9968830781648426	1.8213728456522742	
0.05738935363964082	1.2495970615705232	3.0	1.5192932536143715	1.9817073855296226	
0.892755192722525	0.7385745294654498	3.0	0.024729055855702065	1.7316355862056887	
0.49024093453990325	1.9947389231694421	3.0	2.7489079695614422	2.067373375723874	
0.7018433465805366	1.3856801007939417	3.0	0.36831350759199166	3.8834924098591275	
0.19295695989588024	0.6226665703017102	3.0	2.562800119371602	2.7239366601441195	
0.7004958705080762	1.9601822743641275	3.0	1.4872653892734413	0.6723669811944166	
0.07075003016330683	1.3974090189378483	3.0	3.4539544477581665	1.6549655598345159	
0.24137655704374084	1.282614720985849	3.0	1.9327918916401665	0.5229489945513405	
0.652069814129424	1.9905986646909037	3.0	1.6733120092801457	3.7695971403536848	
0.9901064467647217	0.2131673296266352	3.0	2.1808826355821114	2.3437565746034803	
0.09587553389674064	1.7591453487841413	3.0	1.4461553246838679	0.5943382776663664	
0.9361147303828313	0.6115160272059619	3.0	3.3759669698385495	3.8387415041366264	
0.9057901253661607	0.21945623961111416	3.0	1.9794236986147133	4.061879062026733	
0.9838837926768134	1.7914447196193108	3.0	2.5515690931675468	2.856472774335387	
0.6831101227016999	1.720107551511772	3.0	2.8381231006066883	1.2038482478314565	
0.6754209348617082	0.023544920922437207	3.0	3.937751078472858	3.8422320987201446	
0.20976201936802907	0.07013747871899012	3.0	3.6549466832663384	1.6458219658114088	
0.8816570223917158	1.8251444305484565	3.0	1.3220443566624844	0.6174449114048997	
0.47221933994950116	1.6286365606616453	3.0	3.754162215440278	0.27865272080063397	
0.5122427958502905	0.26765011446570774	3.0	1.1046921810892951	1.2833188848483985	
0.8981949109343081	1.630767973912	3.0	1.2875876919280151	3.310369066025591	
0.5338141027118127	1.2236544032118897	3.0	0.7372800392085623	2.8481563497046762	
0.9802649642651119	1.959249091517938	3.0	1.4081893250156692	2.946953810779947	
0.032212006987631714	0.058770528454609616	3.0	0.8601062837068496	0.7767942814887241	
0.7316148952151003	1.0598018794737722	3.0	2.3989106272426968	0.9718418771689302	
0.7207493827927955	0.3654699943942834	3.0	3.34403003044277	4.927373133107179	
0.3422200348226959	1.9793633337358512	3.0	2.395173529040995	3.330208355815276	
0.3717230307045035	1.8418736995020748	3.0	0.5217671517401734	1.365062642902179	
0.06799858480545606	1.918220717919949	3.0	2.008103945756329	3.9951879952736356	
0.16516099259156736	1.098495650166403	3.0	2.3949282210446534	1.7542248518422587	
0.03083331519339394	0.792411815543252	3.0	0.683012094386148	2.57514485894906	
0.8277111756524778	1.9461419419523835	3.0	1.9198875117923082	0.7454233811309791	
0.8095564233518401	0.4144267749243393	3.0	1.4330690572520357	3.88634400029727	
0.010898090142948846	1.0000052421913486	3.0	1.8837611400653915	3.5268868316486564	
0.46210018783059414	1.5967931016385306	3.0	0.524103400347955	0.9863890494408367	
0.4578464032974465	1.290765334054285	3.0	2.3858661022046386	0.20236004271930674	
0.8937134978134971	0.017362476536119997	3.0	1.8308742463472871	3.771154518672295	
0.04433767137597633	1.8692868369123712	3.0	0.8579386455518132	3.739295911946691	
0.9510179870494592	1.6244207756968536	3.0	0.5460810030880241	1.597753013225915	
0.2803831281145547	0.5802929404495787	3.0	0.09009418034610661	3.1990861450829873	
0.026942545864863332	0.4287303817311381	3.0	1.2567637148540935	4.199226087309599	
0.7963948831812411	1.0783670432590802	3.0	2.6684544451805543	3.139632358961732	
0.9339567162531873	1.5441494072686306	3.0	1.759735062309396	0.6850119366722607	
0.6394180733875234	0.3935178057926123	3.0	0.4829897878481466	3.389980772723384	
0.5175905399446608	1.5635887213483248	3.0	2.9510710802432065	0.4026144330846121	
0.813771789018832	1.9130579312025957	3.0	2.2852538659164154	0.051566617113787405	
0.3427589680365525	1.1323070943894487	3.0	0.9597161333320687	0.3820600805466734	
0.7156344031931854	0.6267660022453638	3.0	0.7786996290471908	1.6635163141762872	
0.8724513323503791	0.1344729471112216	3.0	2.776746576107098	4.8526902203558695	
0.0101105330561031	1.535441280074469	3.0	1.7900100255423075	0.6147059001879546	
0.23402654698571035	1.705843392996743	3.0	0.822729025979883	4.291076795892797	
0.35352369513457205	0.9253088828135403	3.0	0.30182162165133164	4.769948244725681	
0.308166572478377	0.066336740191278	3.0	3.816430281116535	1.2621938913594632	
0.6119907892476834	1.5177875060919943	3.0	0.007672502671035808	0.7639507987617539	
0.018835825693167774	0.5813715321656732	3.0	0.23196590505316195	0.986800050484179	
0.2343535831872151	1.9718899440107074	3.0	2.6247737450194926	0.8297266206158926	
0.1702493399956534	1.9749506200188658	3.0	2.7778723580547515	2.127118798567787	
0.886102394124024	1.6819280358362336	3.0	3.94242313632385	2.0837928546858153	
0.5088200962632223	1.783536526095039	3.0	3.635287342165876	1.2238378300196846	
0.5760694164726271	0.02503132820313203	3.0	0.012276218913305215	3.5832937481004414	
0.03435267488836513	1.6609711310393434	3.0	3.5517419574391687	4.321162372085864	
0.5230974036796852	1.4639676328370808	3.0	1.0356972034162988	1.6341066629031125	
0.885809622399658	1.088073447018889	3.0	0.7444116359194379	0.5064930321288857	
0.9627745793948614	0.11199408185517812	3.0	0.11854414480516606	4.2992169662983475	
0.17265381985893047	1.376246230609536	3.0	1.1366472063042874	4.868895244079313	
0.2712597377469821	0.6649380040614872	3.0	3.7828710454210217	2.3990533407058083	
0.7166355282387491	0.7021582092897323	3.0	0.5483547095880597	0.8454823419693919	
0.28068863213906203	1.9239915871490685	3.0	0.9700117482967863	2.212108739426827	
0.5305226716315503	0.7057682809238321	3.0	0.2504068788784175	3.525846897636611	
0.40058146128725647	0.6721884666194458	3.0	2.4817928230991546	2.2836553684955656	
0.45048385891728204	1.501253898421876	3.0	3.0264953525108638	3.3373708436482987	
0.6331230031708001	1.9458598391415525	3.0	3.0876614014381882	1.540210089970927	
0.3362033639202916	0.8904134260307679	3.0	1.458897446485699	3.0391977874665987	
0.4297561089834233	0.9820519070495011	3.0	1.4805459650984751	2.331982264498065	
0.23301169401114286	1.7899890914130576	3.0	0.862779394963642	0.8496757855769344	
0.9542774723419178	1.2839141562743928	3.0	1.9189324925159625	2.0070663736484544	
0.1508769440582025	0.8043668892018778	3.0	1.5714829313436995	1.1736845788321537	
0.8010024685162925	0.23300956770956627	3.0	0.765674388894301	0.3490729242787538	
0.8814565816283336	0.20043695190578847	3.0	0.36223529449494585	0.11394979466035071	
0.6363407912621888	0.2322120354272943	3.0	1.9734761145415867	2.1589808981163188	
0.27365024208369326	1.7548627707328088	3.0	0.5506806852948554	2.423985451682932	
0.05205686512431651	0.3751743484945915	3.0	0.4617976392478278	2.415903606014314	
0.4423372965104754	0.8129267583375059	3.0	3.280489489075728	2.499098361831532	
0.5526318879515538	1.622331134705894	3.0	3.3019906966745567	1.3115854940167488	
0.33113009004372895	1.1281447616341085	3.0	0.7530470529163518	4.968552351504566	
0.43714598869518795	1.9421026285732426	3.0	1.3230950143307143	1.1227379059072278	
0.7374754348649296	1.8421686590466304	3.0	1.2357974656059931	3.7670674416717365	
0.642958675997349	1.8446324223321622	3.0	3.3105736086142605	1.0806832251167675	
0.4497494730427104	0.5096811948339013	3.0	3.522959444990917	3.6309971104968026	
0.47981876448238236	1.9609043382121636	3.0	3.2216385771410416	1.3105913418372916	
0.24563872003413756	0.29869362156447865	3.0	3.6597717961938687	4.844864161010455	
0.15736535008992536	0.47526651721427315	3.0	2.450038798711587	1.4324975168082181	
0.1968076400662896	0.8582364674366341	3.0	3.7380132080854214	2.105357828408012	
0.8597964792815773	0.3144244523873594	3.0	0.9120862506546477	3.0501962309340103	
0.24110083054468878	1.275809596714688	3.0	1.8894234988108072	4.880089798434744	
0.43008599775676226	1.2703342009715424	3.0	1.5418442927153402	2.8668613591031704	
0.5784520688951115	1.3976287488710164	3.0	3.3470319269909137	4.422352547336436	
0.24614322628337493	0.5685207660123754	3.0	1.7968856412067957	1.7513424968847207	
0.7482767112630235	0.7150731962998873	3.0	0.4850700380019939	4.797334658495155	
0.01964861499757664	1.4062801033878427	3.0	1.382975657568275	4.267641293747433	
0.9683644770003837	0.39717797837280844	3.0	2.7334540319549787	1.478572194787372	
0.722315126105683	1.4361508772687808	3.0	1.5135712012401115	3.690013451100473	
0.5507886276568112	1.421845656473785	3.0	2.3188176589647576	0.5507171374908465	
0.4816939596570652	0.04802664141905022	3.0	3.577736895519536	0.5842158320211871	
0.351452894714007	1.8135952465056162	3.0	1.8712581588002664	3.192143522900893	
0.20662829889156487	1.5514332626424705	3.0	0.6029279477617799	0.9300203607277557	
0.24573407145097836	1.2864746695949925	3.0	1.2352232858556254	2.6798349521498643	
0.5738961211691744	0.9301467545012418	3.0	1.6787466327770812	4.261389315686031	
0.6759036229294629	0.8457510680600877	3.0	1.6877127808532522	4.6851589233585	
0.7414731382850992	0.7557397942107951	3.0	1.5681890853105052	2.229656121288628	
0.9015802121081963	0.9803268306315291	3.0	1.3714643102212247	2.485359330891361	
0.41151884443293296	1.9754520975267231	3.0	1.2022025596931432	3.5019194862438887	
0.3412933157528324	1.2571983885017566	3.0	0.7063583808184499	0.520791134365845	
0.015224806320197515	1.2166206720980024	3.0	1.2375672945484357	2.3749011831714775	
0.10277638337236572	0.6343570428609138	3.0	1.0533664324057375	3.472701631002919	
0.7371962391157747	0.6699818653608214	3.0	1.6771916751276623	1.752515544406954	
0.6045566185491773	0.06190299648866193	3.0	2.69263324495741	0.6270447208357754	
0.5551731492958237	0.9236177095082958	3.0	3.2450885992033722	4.430580860322691	
0.38042141492881876	1.3458462700467129	3.0	1.149346004170988	1.0029572317896607	
0.10981753325937815	0.39655432444343086	3.0	2.929474359517387	1.8635491503050128	
0.5586366442423297	0.5322020228429967	3.0	0.1422609115430178	3.8958807324867335	
0.6901399107421093	1.4513535215554507	3.0	1.531716943379354	4.851393250171644	
0.21090313212363765	1.9164992668613479	3.0	0.9440994403108789	2.3038685179811838	
0.38574972196716484	1.7682319345018582	3.0	3.5084011921068967	2.884600186518621	
0.009670147645807425	1.929950571245409	3.0	3.7817185678029284	2.683313063634103	
0.15480909933322717	1.813248742088381	3.0	0.56901861944048	0.5761003693368311	
0.4770889968358435	0.9686547606928306	3.0	1.166392968734332	1.8254421141874482	
0.21201532430126635	1.9031298364987326	3.0	3.801391847938863	4.83736662173646	
0.08925179349541146	1.775401579290203	3.0	3.208691863198812	3.5508182703086053	
0.16640284430644647	1.2315672963298472	3.0	2.5967557179207184	2.505338636624266	
0.7502337445659837	1.0356980161419556	3.0	0.1690077873090008	2.8112074723422644	
0.9774289159330986	1.5587766707902067	3.0	3.255969425430316	4.0999459003658965	
0.33768470133310446	1.7793200103158069	3.0	0.42839490551680726	2.7918390585659103	
0.40941174517736056	0.5538664885968116	3.0	2.141884569977477	2.986113498720957	
0.37070402721240947	0.9502382319540501	3.0	0.46977587625283856	3.813882576755855	
0.24332525017464246	1.1192776847622223	3.0	1.4722208388688771	3.8099115906654575	
0.810213750841175	0.5213876621620221	3.0	3.618914539092176	0.24648591871060443	
0.07978185304634511	0.8026320697328211	3.0	0.6223475188891356	3.8618730664762335	
0.11484187903498733	0.6014156194458053	3.0	3.550301997915136	2.0082241303879336	
0.17411529723031038	0.13806377159586014	3.0	0.7945160828465028	0.1556632329477714	
0.8122534834576343	1.9523190430565334	3.0	0.7216865753358648	0.4766888483195997	
0.673899750586315	0.8391362835478926	3.0	3.4598772972566016	3.6365068390509347	
0.7541884689841534	0.8909540389378772	3.0	2.3680241580773123	2.324186036594908	
0.5336637633963965	0.08778872916259561	3.0	3.193630454815948	4.4617274931686515	
0.8441463554309631	0.519505484338167	3.0	3.6146623395387323	2.551338931349897	
0.9119598319767389	1.963049051346385	3.0	0.792580652059391	3.653487431817225	
0.5948018236429319	1.0386856872662265	3.0	3.4099380648132978	3.8210365170996683	
0.4707146410118065	0.5869437406435374	3.0	1.8021675576526022	4.755814101560024	
0.11169394263672827	0.5696543962221503	3.0	1.0952560542993992	0.047595267367980254	
0.5935017260939291	0.9877869484873847	3.0	3.7178183069093222	0.2054215876056814	
0.7950770358077258	1.4275479577364907	3.0	0.3894871497538568	3.7948575461339273	
0.8469511233298231	1.6720178639973524	3.0	2.692927699337531	0.4211891108773258	
0.6273757659468423	1.2791238563841074	3.0	1.3086746200305162	4.584908571213933	
0.244912172853328	0.5107317902524404	3.0	0.31857236790968857	2.222328758809078	
0.0433566352081054	0.4983626734065245	3.0	2.926138491703785	4.102196885395882	
0.20412604640117393	0.055246196315287044	3.0	0.10379902483589554	2.3135549392563	
0.9184204106878906	1.110004536432978	3.0	1.9016069344578095	3.8182688010280734	
0.39207494340519455	1.1200199676591014	3.0	1.1476950449205927	1.1591373814633394	
0.8203832767567221	1.9036812813707538	3.0	2.0698376351149115	1.7694650649668708	
0.1285368146039514	1.0590901421229901	3.0	0.43153588137963306	0.6679574267322891	
0.5565075644050509	0.5247303811277839	3.0	1.0014894520120579	4.035942816046583	
0.31005546463392597	1.9994260989105577	3.0	3.063408961367738	3.8689594710190804	
0.16466900843552879	1.1919526478354314	3.0	2.557149325444504	0.9707132167920723	
0.8656932213450206	0.12728162154967704	3.0	2.8910458561441206	4.323603778165367	
0.3754739658238313	1.46233475419635	3.0	1.8382652109675846	4.550721905147067	
0.12420836500403953	0.1966786646739802	3.0	1.9715316635984328	3.4856644757992483	
0.9537556531924525	1.451858393351981	3.0	2.246053108701636	4.54820539128532	
0.26916825278987677	1.4200652312800413	3.0	1.0970375266343435	0.44094642875164125	
0.8603000815417768	0.32857886555045224	3.0	3.372336556531253	4.0304414640198125	
0.9861758042322954	1.2338974040516357	3.0	1.0614557617236864	0.6084653084661196	
0.5615672114207741	0.34400610433710654	3.0	1.3918284779795909	3.733434926935098	
0.22977557331778875	0.6115026956996015	3.0	0.8220571278734554	0.9448635276821044	
0.06854291877852159	0.5562818656284108	3.0	1.9570383708904817	0.5759480948697232	
0.49242197561284684	0.5513975442552252	3.0	0.07679909203853397	1.5591622412267137	
0.9233405311120905	1.7494728195600957	3.0	3.434625205530981	0.31295375858299	
0.08150358006837055	1.2554947333331177	3.0	0.6567266753258294	4.76489733328463	
0.6100980008718464	1.3798628126608583	3.0	3.012154538964577	1.3109278904510901	
0.44809751988421176	1.7791017110766423	3.0	2.8879104850704866	0.8503492651116984	
0.22811027866175482	1.448221520666431	3.0	1.9296630944286557	2.6684029838951977	
0.03900183453579065	0.8625189263564144	3.0	2.8977137371532113	3.9618099144879193	
0.6917191157657456	0.8053490451287664	3.0	3.6200238320855505	0.8050718497902731	
0.5171351111899903	1.3200360439332435	3.0	2.6516638457651185	1.9721033570611985	
0.7471072484101963	0.5947745026467082	3.0	2.1782890894383304	4.582959639903757	
0.519255476536469	1.4605939669168218	3.0	2.407720767698831	0.44751342402204464	
0.01423767492072936	0.9552379326487532	3.0	2.75034357731291	0.1693250332297458	
0.6976258978593881	1.7912325223102534	3.0	0.5735998970869165	2.0419618295201802	
0.4557781180936292	0.3418500656250236	3.0	0.7993361348591259	2.9613886683914252	
0.4795061044874548	0.6221957159143421	3.0	0.6412835018401544	4.130558615432081	
0.16325818570925354	1.9379850260667097	3.0	1.68972133555652	0.5358976371421093	
0.7014694548009086	1.8547879658273374	3.0	1.6068220174994154	4.330350371971567	
0.2581690199057295	0.6659138431314022	3.0	3.6715357090264855	0.0038494286851920023	
0.29296029987086525	1.027730278393398	3.0	2.7613803130921535	2.8816917578134005	
0.4930109741939279	0.21993306339300367	3.0	0.38932249153279086	3.888595516701907	
0.29910940133692887	0.6362838064278029	3.0	3.184676373182644	2.025462468070077	
0.6997093940777867	0.13796641470819582	3.0	0.08460715017769482	4.8715575087058935	
0.2277712742191781	1.1640534813718777	3.0	2.5103543383568585	3.899902418558088	
0.28686800531230283	0.7339487240441656	3.0	0.9661280937739596	1.2976502187731043	
0.07859150927285385	1.4769921475817163	3.0	2.769886725837657	3.597235396924022	
0.6265038973191117	0.7428481096498953	3.0	1.415513589618819	2.9331586916312897	
0.919629358601522	1.191506097794381	3.0	1.0064080078427495	4.496613286343421	
0.9518741434157428	0.5773878913416037	3.0	2.480442242670057	0.7893100504696599	
0.9255071476996769	0.9695032217109905	3.0	1.961978490569292	4.666074304921698	
0.8905582756806298	1.614246445318859	3.0	2.644825604390893	3.2370179933865733	
0.5681176729115966	0.21462140000626495	3.0	0.9611319849568152	1.3549420559102254	
0.11197722095936558	1.5614879101539738	3.0	1.727317469386739	3.502205428616419	
0.9514780815045808	1.2532110445106597	3.0	0.5176651217190749	0.3052636744366555	
0.4465864581898433	0.6172363547592759	3.0	3.97584369221372	0.9889576567076352	
0.0949781766093929	0.9464991317788751	3.0	0.2819692433337906	3.847069921401998	
0.9032546046870965	1.4896494337015982	3.0	3.783558908062001	3.4694992415919996	
0.4233683001554569	1.9720135855460517	3.0	3.960612880510878	3.2749398852509164	
0.26273996928779153	0.2562913998195042	3.0	1.3581564055971858	2.6924906023407873	
0.29853470221487743	0.7179451197148516	3.0	3.7749816898520563	2.0095732383415923	
0.47044427348487006	0.326083984147864	3.0	0.7537072216097669	0.5268331465700538	
0.779014439698106	1.5689050585217332	3.0	1.843982406379967	2.8712620727368545	
0.08383531408532119	1.0489895240114804	3.0	0.1645331009621782	2.5441505367245156	
0.8273223098408861	1.3691112621092	3.0	1.2603556060058714	0.6062714709428341	
0.6810288947005492	1.5645206945256578	3.0	0.19047583062343776	1.5995606562574116	
0.753615513092684	0.48190131852549567	3.0	0.04052849349610588	3.6991747746319987	
0.45305561060923827	0.13566383638094326	3.0	2.7085990085614995	4.566077152046699	
0.5155759958142954	0.49461405684742554	3.0	1.5490925329843814	2.628250590929258	
0.07385863541892623	0.4495088774438323	3.0	3.5583702428337505	3.483715126592515	
0.874104910334341	1.4379835939692727	3.0	1.1213628543527006	4.765279415993512	
0.04238110609010581	1.0345205435334208	3.0	1.5784431944000916	2.7028830749229287	
0.07654112929356105	1.261582735266365	3.0	1.1950998156258459	4.8714616387830345	
0.8048209323883503	1.710775435227233	3.0	3.002411268147443	4.248863210456321	
0.38390035945431156	1.7809228614506283	3.0	0.19859691244578404	3.507863300670066	
0.5405102326049294	1.0753347620425522	3.0	1.551043745377188	2.326238062717667	
0.6399289372145092	0.314724063466435	3.0	0.36342019034322437	4.183649915819914	
0.3940558911327029	0.1543743060813858	3.0	0.3522179399210015	2.9431416049924892	
0.0021753520093664713	1.4448141917355657	3.0	1.126770222677799	0.6009090273206286	
0.5048383747318135	1.4666444089375945	3.0	3.299838383253487	0.1902373895577547	
0.07507927364234779	1.360646351928514	3.0	0.06596508230804377	0.7422234875216005	
0.33267392724638134	0.23028830063579542	3.0	1.5121465400441942	0.831396078325155	
0.9044035306314533	0.9755597336199295	3.0	2.2797087853832005	2.5259606521774542	
0.6660133503727097	1.4621031898482741	3.0	1.8861788023245567	0.70899554792341	
0.6289748331490449	0.6557065969641798	3.0	1.849622930122599	0.8464687324200076	
0.3332267847731084	0.059253216317285196	3.0	3.6424732937559696	1.2616174125849415	
0.47049131735345207	0.7308864957442238	3.0	0.9981199041054283	4.628011776825596	
0.8264493524292943	1.2946960898869302	3.0	3.9726974072685994	1.391332560098109	
0.39570866326144805	1.7217893566745477	3.0	1.003693977059334	4.951410096132959	
0.12406404711401764	0.2803754856734426	3.0	3.3335699782955577	1.1464416826668966	
0.0025015420230380947	1.9282547430751344	3.0	3.1988851247829087	0.6805251620241487	
0.0706288605508083	0.5941736570283846	3.0	0.3564237062757396	2.303272446135804	
0.9407453706222978	0.9447459791645403	3.0	3.7759402938049953	2.937757662788428	
0.973766100244525	1.9109193483690712	3.0	2.3201108158809993	2.9890049837942656	
0.659433347743217	0.8371440198563671	3.0	1.754671018415272	1.296783701859892	
0.8603555725313479	1.2500660044245042	3.0	1.083700361277732	4.921861415823955	
0.7763938642336464	1.9802318369987673	3.0	3.5331830753976847	1.6949667396420538	
0.2420767197524344	1.6788647357014275	3.0	0.7101316516908645	0.39541441786947573	
0.7129215585826368	0.911218279427785	3.0	1.7435671847585397	2.091101766030699	
0.7899098313523912	0.983384922641674	3.0	3.2136409635243557	0.12782748828602197	
0.8453118958642668	1.848756290125205	3.0	1.1775002181237695	2.6205997120582616	
0.40347780650509657	0.7837516814174734	3.0	2.7051443642393442	3.6575362914072103	
0.12008566185825076	0.29953751098420267	3.0	2.1811886011311072	0.196838888186735	
0.47847640485537646	1.1628470028408504	3.0	0.2485358915346163	2.8329816212915833	
0.9104746230112836	0.898663410948715	3.0	1.0837590439865017	3.311801322172854	
0.962649504317086	0.4440406877640535	3.0	3.6165305192699844	1.3621070306547522	
0.1709030676785055	0.4103042734689484	3.0	0.9868183377131134	4.954508491905852	
0.09093577744170356	0.2118966100310946	3.0	3.6016484244060627	2.2266401435322534	
0.8747212455478562	1.072946393141437	3.0	2.8627603514846656	3.634873140215184	
0.41423789997754756	1.5304426598250007	3.0	2.96003919412214	0.6222518246640507	
0.8976042307545445	1.909389751913997	3.0	1.8355342146158997	0.15030913391548273	
0.730266923662321	0.9717632695017686	3.0	3.6434638724676507	2.265175187728361	
0.11563892366615591	0.9329071012448107	3.0	2.820551325045194	0.6395456334360322	
0.6686184591876486	1.3307612969604912	3.0	2.0426641986709306	2.192080348864157	
0.8984150212399505	0.7592670787485851	3.0	3.9353819232992446	0.30656227631533806	
0.561001505581513	1.9826421089703195	3.0	0.4459208119222504	1.126030290401045	
0.7412175581671635	1.5037847595090517	3.0	1.2697812460112394	3.2492656899256662	
0.013054545694258901	0.17358432355435305	3.0	3.1123478947863825	2.358364131506019	
0.2098368124091733	1.4105713059643838	3.0	2.9871638905442617	4.418909721000604	
0.679633566443678	0.9882635115910197	3.0	3.325264896552861	0.7912408159931889	
0.6078935861826703	0.7211378876186156	3.0	3.5475245232959343	4.856619043227883	
0.5321045929438608	0.406541697557427	3.0	2.6454313225078288	1.4605390956239779	
0.49403071899873674	1.7929483363679561	3.0	3.181000365827843	0.8304015227756084	
0.7090079737942199	1.3132773263626438	3.0	1.4480595027949432	3.7827372517359925	
0.6004321479122002	0.021999571257415695	3.0	2.0001162162121453	1.8756592592611054	
0.6710247637641755	0.7187584425932105	3.0	3.347815964349016	4.009530607324124	
0.29763061116535605	0.6524333377681555	3.0	3.6940948761079784	4.70110795464378	
0.03893802371826005	1.306759346282244	3.0	2.640614400542493	0.5358715542171871	
0.6299041336325072	1.0003879739617023	3.0	2.1455279500218456	1.2295724166033133	
0.43998241854021003	1.6198182749067425	3.0	2.343154334781691	2.1179528824993916	
0.9101517693645538	0.07852108344439035	3.0	3.9898039643417595	1.8635819230525963	
0.4730505251039687	0.38445124300127276	3.0	2.9101953212832976	3.655694830228782	
0.35615838569405556	1.8143328836210033	3.0	2.594512512915397	2.203913864114117	
0.3494516833740423	0.3166016815993895	3.0	0.8354445201182679	3.0350439340141455	
0.7104197179844817	1.2138855629775713	3.0	0.750838905941468	2.1277817749154786	
0.08378922324230398	0.12524549361640536	3.0	2.1141916056928878	1.9482223116948423	
0.7352169840262145	0.37819121477895856	3.0	2.0387012236456195	0.8367164311126013	
0.30915855411672577	1.2422631487174909	3.0	1.9700744316262297	1.8353217117555964	
0.2600132447111432	1.2182105753208747	3.0	0.4228508211793698	1.8992589386569376	
0.030124392161906655	0.20693952780670788	3.0	3.7737720669662096	1.150835985704013	
0.7237984219583831	1.1002833461455384	3.0	2.9719813586788204	1.3084039580543454	
0.1856857570452165	1.3959548504178656	3.0	3.691025952467167	1.5980510716687775	
0.3112066497949224	0.5955204626798865	3.0	1.3492526595620187	4.481329875599436	
0.2902472638262251	0.7033917284311975	3.0	2.0394337103137063	0.3175328166132724	
0.6688234777805555	1.3956291505639389	3.0	0.3409222254334976	2.9794811174727704	
0.23953550716453698	1.814726192592812	3.0	2.142734858708084	2.13426277158889	
0.41669734123781166	1.2024535128935416	3.0	1.5068052453887844	0.5665498340298231	
0.12932511597938068	1.2534358492177387	3.0	1.5985080321759821	4.010696614619997	
0.5369790409397283	0.9928495966679005	3.0	2.25363149298188	4.6069220774892985	
0.8938722114651939	1.1831318110101998	3.0	0.8935637636017932	4.6098602438534995	
0.37223561197942934	0.9528124122974753	3.0	1.5364060402814443	1.6293977913786413	
0.6915157926318052	1.0346586286290937	3.0	3.7487902084903415	3.1523692832004646	
0.2762981499820941	0.92294104303897	3.0	2.4042817493494923	1.0668880652907369	
0.026052115673673715	1.1431119570272101	3.0	3.887403284071563	1.304551269066831	
0.6179688569358107	0.334181329077357	3.0	2.4913735406610646	0.1533863873867275	
0.8385702232893799	1.4363466497950135	3.0	2.6532540229120842	1.11301529850752	
0.9807557579633159	0.5997158519485282	3.0	1.752933298530198	3.599061434876139	
0.9232293446763492	0.6733892500873491	3.0	1.4393154749886596	3.7217339786183485	
0.4759937268731721	0.34459299875201665	3.0	2.3101556237043863	0.6479055775788628	
0.20759148829389784	0.08166420878736691	3.0	3.721584060808529	0.4586631190344753	
0.8110686616687577	1.5494101491224253	3.0	2.3539301196102285	1.3220182362131883	
0.08751501221843438	0.24706696925447313	3.0	2.237433493022994	0.7007011896610521	
0.12599448947050929	0.7551092147126091	3.0	1.5359326337073633	3.581037071554436	
0.8316106165913373	0.19556670975989232	3.0	0.9210323234583364	1.1923308855717585	
0.9701210809909798	0.30203090729715365	3.0	1.9347023213604762	1.2620414832266809	
0.4796441643372302	1.345346663986196	3.0	2.3128619176204688	2.6900939236329293	
0.35384008253231136	1.9943928974507434	3.0	2.750651149688311	1.3993566913266775	
0.16610854909735928	1.3147769626450638	3.0	1.5396045606419912	0.6029413443384563	
0.19304557323669203	0.3536373645793345	3.0	2.9244482420805094	2.82830824196619	
0.990341537736208	1.0552273298279637	3.0	3.422049453874949	0.8228513028009027	
0.3863363086523216	0.5636956063645049	3.0	2.631548003999626	3.7707273314156264	
0.24345782986905562	0.609898686346209	3.0	3.3115325881999667	3.350544131212825	
0.3410298402668108	0.6015963605762467	3.0	0.8746303959433979	0.7392822704592783	
0.2309972891276032	1.2250684967343084	3.0	0.06414840364866947	3.4796431873153404	
0.058342876895904894	1.8782827282421513	3.0	2.1994896158389614	1.498541800937756	
0.452066688456765	1.3430585477241146	3.0	1.547779463144527	4.842199967976126	
0.11367499549222204	0.7381743547136983	3.0	1.711298575439205	4.701199541201448	
0.58303265055187	0.4015827278193478	3.0	2.4971258708456285	4.554419725520884	
0.5720109728065673	0.0866370688266287	3.0	0.5220265108766093	0.3861357803193549	
0.711863537433549	1.9576930907473435	3.0	2.7700081098966978	3.1186308957222737	
0.8163233741183179	1.9194913054717697	3.0	2.2181820748153567	0.06736772518287804	
0.9385165276883811	0.0715362138702309	3.0	3.5055276740060988	0.6205606520792695	
0.12748679687351405	1.4159939261528032	3.0	3.942919306023036	1.5976637561115248	
0.270711513820982	0.15483240919121743	3.0	3.6563233786220337	3.012706039520443	
0.5036706030483716	0.2209004983485765	3.0	0.27751567474279115	2.5946335402872562	
0.32840443164355915	1.5294820197183736	3.0	0.3162982363343021	0.09473115525748199	
0.5931829472888579	0.32581119717716	3.0	2.2456899903062233	4.669337436259672	
0.0797948391863963	1.8511651484156446	3.0	2.603635200248749	1.043137268383711	
0.43969377881107985	1.9010551654925696	3.0	3.775317285449583	3.588450026481462	
0.48714836273250994	0.678012374321697	3.0	1.6376917830887723	2.0348033503445033	
0.5533228932502288	0.9603462436684642	3.0	0.1646094663094586	3.1130844123134604	
0.6052973899354511	0.460331372410693	3.0	2.6593598860249217	3.9129181942208175	
0.8101457993790632	0.24976624001172176	3.0	3.9892050409044666	0.22736139132962296	
0.10775690221743317	0.577574125326074	3.0	1.2457214816059916	3.415552365348753	
0.11299536004411637	0.008785438870372975	3.0	2.309910749849339	0.29714805142563916	
0.7945676577027003	0.11624018073207187	3.0	3.4997030674486513	0.9036407647535522	
0.6310349712778837	1.437351998725536	3.0	0.2781730924421253	2.640684115379131	
0.5169499274446867	1.4606413347815368	3.0	2.0181066892547332	1.709986724288508	
0.8626165384174456	0.8894273692622112	3.0	0.5625653776770787	4.194539413272407	
0.3235471841691365	1.1700307160409693	3.0	3.7826964126553375	2.7753218204013903	
0.6680400552200348	1.6741204323413907	3.0	2.8695648118141177	4.766611369412263	
0.10427818581254622	1.0020293365400426	3.0	1.0257472407071568	4.326771228918872	
0.9924145602550261	1.1698679310526554	3.0	1.6311474791357004	0.39776013795096987	
0.640161545285621	1.9795381744102747	3.0	3.8266261656906866	4.153519585921366	
0.8282308628294613	0.4645474539699459	3.0	3.6614255911935674	1.4333182088788399	
0.06263399487175314	1.100734341274633	3.0	2.110372826060457	3.266649584888632	
0.4783783405087897	0.2761902201047508	3.0	1.7733381089397495	2.8884624769940253	
0.3837452116014217	0.6001674623281197	3.0	2.422525096023465	0.46154095500134384	
0.17136948148349396	1.3406009647972121	3.0	1.5390644940244527	4.491147743613632	
0.34617529592627583	0.7667185536680821	3.0	3.6282665994886227	3.257244469952755	
0.9344688722887416	0.7293639704071184	3.0	1.1112453061048768	4.262119695104543	
0.5271327810675526	1.6927965701801477	3.0	3.9989660972181538	2.3884720559397272	
0.5219541659352027	0.34206548962544203	3.0	1.1754904313164332	0.213503741711778	
0.8080310781752017	0.9968774220989962	3.0	2.1609744270534943	2.1233529450609927	
0.8488388822757096	1.2194516894909213	3.0	2.1823023784390627	0.8524458385819883	
0.3628452833770919	1.5162975656029325	3.0	0.3292547760375273	4.474800164172853	
0.4023142481043114	1.7911166338417284	3.0	0.09703389713876387	1.8159597701951542	
0.5935840923704001	0.06631281979165138	3.0	1.772216365045646	2.8972241347668106	
0.6797279515345572	1.861630011140235	3.0	1.9979115861958552	2.8402523727554168	
0.9140162989345887	0.4196673305610976	3.0	3.6637897972538247	2.455088903470199	
0.4563974542871376	0.16909023166697534	3.0	3.7096376097812196	3.3534032339298667	
0.6158261336492686	1.0733897199907758	3.0	2.067883310713778	0.5009891508966419	
0.9400518649409589	0.8434155755785087	3.0	3.091226766195025	3.8290382128908904	
0.2992874256655378	1.5322602619535797	3.0	2.413482596014667	4.657129978641034	
0.29722720877602793	0.5906275649603383	3.0	0.9782295627836048	2.9037495752734683	
0.6963702207923111	1.106796503106622	3.0	3.3768457638607443	3.7310584406554996	
0.07429107450535444	0.031617997228820194	3.0	3.4847317806075444	3.822990095688446	
0.37571750997703024	1.4335427987979126	3.0	1.2264091070273855	0.6699011767182517	
0.6840976979758661	0.47324968483925756	3.0	0.7618834956745082	4.142367631064768	
0.03555450827287088	1.9817939834479	3.0	3.5829178597030835	0.9073796766771042	
0.415973678799611	1.6701699544623136	3.0	1.0108172659159589	0.04832786326794902	
0.2326624905435738	1.5692926947942116	3.0	3.5605905696560107	0.7664132219424219	
0.9027649261734617	1.7870314633861961	3.0	3.5847511086296033	4.696892370976959	
0.19070546628234986	1.8942075334292605	3.0	1.6945179368687566	2.4103646556149334	
0.021724403998580444	1.5227218360550425	3.0	0.9648504450351956	3.227047901317621	
0.5165508191067457	0.6272369339112347	3.0	1.7205214786055745	2.8268837969493736	
0.13142800494838425	1.7390890908992787	3.0	0.9770663847926158	4.580478667226449	
0.9638922025751647	0.8127972753798729	3.0	1.1446506673652905	2.090681355656574	
0.4824731442658675	0.018313331346114126	3.0	0.8779344695795945	3.982907456623901	
0.46880283134917267	1.9763887579334922	3.0	2.292965608827302	1.1920814262035473	
0.039744228560722905	0.5672591132483276	3.0	1.4056647884579672	1.7356774202819332	
0.7658414708892846	0.7091651538250678	3.0	3.192358027853997	2.1281259347129082	
0.6060073429725501	1.4042286822702068	3.0	1.9579369399162205	1.7459899809984059	
0.018368181525172278	1.5398478042371126	3.0	3.502316465992295	3.272788674986117	
0.18751448833801732	1.664533440378313	3.0	1.9390572393783838	2.1200603709053394	
0.7099415466753322	1.3734092678962289	3.0	3.2202918740744155	2.7630350796909697	
0.09841501988602752	1.0735857312695762	3.0	3.6123674435063755	0.24172075413977812	
0.904620085384278	1.1077768899429126	3.0	3.7698557649625157	2.621312217164137	
0.8057047235341303	1.7119801181532144	3.0	1.4813721453205564	1.1400635826147414	
0.5695634519425619	1.877155682650174	3.0	0.3138428150060113	2.370317017526149	
0.4929192938781338	1.7354301576558606	3.0	0.1270300373699471	0.3543660550582711	
0.9041288477471205	0.17363987595271024	3.0	3.3686761712850095	2.259064404779576	
0.30338816974612337	0.8301588154051844	3.0	3.1703774574071764	3.172278604488115	
0.4262034804665503	1.9624068707930604	3.0	3.1876344049973	3.875961662078807	
0.12126377005742739	0.8925595424672588	3.0	3.9903153644703795	4.079329265055423	
0.6212171560726227	0.8148219182241137	3.0	0.3874029818510363	2.675468778014058	
0.24264218199937304	1.6972832710092423	3.0	2.9516187506499136	2.704288467496529	
0.7506220266245317	1.5926835697422947	3.0	0.607191761760292	1.8519044953317276	
0.6957645383051313	0.9045720246146642	3.0	3.3587105257505456	1.6157737318170184	
0.8954085690623739	0.47475608420194204	3.0	1.0045343764697496	3.4125467945431343	
0.4887266345738528	1.4067741561789386	3.0	1.9704066884601397	0.7642924954842178	
0.4272620127787904	1.359657899880403	3.0	2.2080917003972416	1.9690141362699864	
0.13938621113042027	0.29755474142150207	3.0	1.8806428068142962	1.1351228544025016	
0.022232315688125337	0.05540461932879759	3.0	3.2405375918671786	3.22972693877674	
0.6759208065125393	1.6048696784736785	3.0	3.964596708936853	2.0788433275432467	
0.6210447177526498	0.15588905348521664	3.0	2.3569245735263955	0.29641932603458376	
0.1885845379347354	1.74841346193532	3.0	2.945625019594112	4.246841751760283	
0.4500619222466451	1.7682565657575569	3.0	0.46423238816074	1.7886255623205838	
0.396525981820509	0.5875627644495287	3.0	2.8852897283461023	0.8243600054372979	
0.16144755695846158	1.7640800069242528	3.0	2.856477453716273	4.557805143145473	
0.39716122482544935	0.06530289567447967	3.0	3.272151147283854	1.7011928632985018	
0.7316734347041481	0.49192356097728007	3.0	3.9072073781122585	3.1255855380999877	
0.684102271149732	0.5780635621322674	3.0	2.814303911527821	3.086007483252912	
0.36118393539972493	1.2705913816223573	3.0	2.7333319584271583	1.2001593744931354	
0.5557145906884209	0.6997143163532109	3.0	2.4070959975907793	3.120364617197908	
0.8742126789456917	1.4189092370539165	3.0	0.07368821178655027	4.411225454650803	
0.9196650811994435	1.4985370621060305	3.0	1.1656753942028772	3.8075094379892374	
0.137736195928583	1.299760122487615	3.0	1.2352760200212836	0.9064631110255555	
0.2030497968949665	0.5492005670299003	3.0	2.0362793124945138	3.41538628686084	
0.6659696686763056	1.7564220768573655	3.0	1.846196472738109	0.5569041034038164	
0.1593494325299396	1.5109999528608655	3.0	2.0792463001385357	3.448967472286511	
0.10784799614233576	0.7458312483217104	3.0	2.76497152711368	2.9693751781695674	
0.3840879104974203	0.3437713908986191	3.0	0.9745687286524718	4.98367144720852	
0.5360692957071543	0.7644906681457875	3.0	2.574296716843909	0.4174104975307924	
0.4219562417709166	1.0117272633239416	3.0	1.4566008855683998	4.738646388169821	
0.8134109720032596	0.8138332219605944	3.0	0.6096429874227796	0.5775723826751611	
0.3415931934576605	0.21652466187713681	3.0	1.371337360285792	1.0061271602178612	
0.39612961290045967	1.7141139687757474	3.0	2.5948964545261366	4.185576464774166	
0.5243142535386225	1.9693515769476502	3.0	1.6535914635491937	0.22165779418041487	
0.7931139330478505	0.9219325846301722	3.0	2.867038213228003	3.642954949858156	
0.44830230738339916	0.8370867617318563	3.0	3.8645490065583963	2.204527014123954	
0.48913076508828335	1.5133072657083975	3.0	0.24339267508274665	4.169352071283739	
0.2657073645817869	1.209773780957887	3.0	0.40608363885806	4.791440767328555	
0.4016330038297683	1.1771242230781784	3.0	2.9529715350504206	2.2885428123866625	
0.945753780892952	0.9222391135588335	3.0	2.337602075884468	0.10680528496852137	
0.7818935087719426	1.9543612465552718	3.0	3.818778354998308	3.427701356661168	
0.7241327011317038	0.9076989714141939	3.0	3.6531421884959756	3.2051642331000125	
0.06063905485250787	0.8314112972004732	3.0	1.642247571034333	0.5675560157992637	
0.7544858097576663	0.6751406485939497	3.0	3.608037434470614	0.5212553653059532	
0.8567686357948022	0.3981856945527862	3.0	1.088416127886572	4.643464781981562	
0.6638841418425998	1.6496030684343967	3.0	2.3203034661345074	0.1780463619490047	
0.27694738044871536	1.4689104134926723	3.0	2.601114078315772	3.6164545656352436	
0.44158079736490774	0.3599242881901408	3.0	1.7873004176175673	2.451045447780168	
0.7839956957348849	1.3441088426874472	3.0	2.729126311034749	1.0716352426600007	
0.18692252553088795	0.7728326502710676	3.0	2.422320637099556	1.0247676507381942	
0.6199467043653167	1.6188443763428286	3.0	2.9407576422464987	0.2704085416943619	
0.3972505340478132	0.8223987031625861	3.0	3.522301958078693	3.249448674261912	
0.5156287405074479	0.41115289160459145	3.0	3.786772455146707	0.1089102867382219	
0.01864870978024491	1.8684904439218029	3.0	2.5850211902998836	2.69411209106605	
0.09496660414202929	1.2296237879354783	3.0	1.6764002566564686	2.7255930280211444	
0.012440416524410636	1.8864021618339675	3.0	1.4205989277158841	0.3180188602543982	
0.41917819904271325	1.8431101560564462	3.0	3.2984314583218803	2.050281731358327	
0.37122791927892806	1.4176744676036417	3.0	1.1213071301182094	3.6202757496068294	
0.5678947012436278	0.956405205611238	3.0	3.370991274900734	3.452969390043542	
0.5044271963164922	1.9374406417365602	3.0	1.277469786495098	1.6227589569351637	
0.050078890150656585	1.4810321211520165	3.0	1.1075588930537807	1.2890953808187193	
0.7566257368308499	0.9637152842092882	3.0	0.9411858641842179	1.9976505004008742	
0.9806426792013415	1.555189518517644	3.0	2.344511151061212	0.8075090745424829	
0.32212890222655755	1.7555730897555708	3.0	0.7561062825888492	0.4406542346342307	
0.9655213304706971	0.9429027559253451	3.0	3.7664271531136806	2.4711389480676345	
0.0729454370465743	1.4720201478909878	3.0	1.3924717618962736	2.451700976353731	
0.5131429389947054	0.46124543341288415	3.0	1.3997690185791627	1.0398646255836397	
0.49586404796228545	1.239409988059704	3.0	2.445914277572323	4.474838579843724	
0.11219948048829431	1.1050657179365482	3.0	3.547618951274145	0.7394333224631022	
0.7808864951347243	1.2616659263599523	3.0	0.7062790842945237	4.8454854605448014	
0.28144106244506983	1.5502208908113142	3.0	2.7260038753466738	0.11567190490761603	
0.2905252999709528	1.4816816897779264	3.0	1.538972924659277	0.6288095990299813	
0.43746716229087945	1.5010302776598188	3.0	1.8459805008222343	1.1978733450837526	
0.455232907833904	0.7959242533659856	3.0	3.2248753125696203	2.582240672332141	
0.04518324337323831	0.05103995177119547	3.0	2.176781583447474	0.9788124374970175	
0.5847394974025812	0.0485551709856904	3.0	0.3766454187805204	3.257293020288251	
0.20904441188265876	1.7504952257357647	3.0	2.8449496230499016	1.5148777035092853	
0.7964553536360627	0.4881418262627659	3.0	1.0670365220186397	0.47483942549198466	
0.8396032349449095	1.600705026857685	3.0	1.2780398805904136	1.9258246930329104	
0.8728411333019063	0.8518507529823098	3.0	0.7173538752372517	4.751797915285988	
0.6786875882979531	1.3506044932999965	3.0	1.0269096770052388	1.788273435715817	
0.9890426401734381	1.4970421546754074	3.0	0.662663791064996	0.17408127026394826	
0.4692931746788631	1.85868314085503	3.0	0.7913450755072855	1.2494856149911049	
0.5763341590690982	0.6163781890504296	3.0	0.1496315657513625	4.040585563032069	
0.886127220583404	1.3108658020013089	3.0	2.747776941361362	1.7538280284924839	
0.9214385980445393	0.6136123196229224	3.0	1.2237534933291587	2.5148508893769463	
0.8626939120688916	1.7677655245193749	3.0	2.9309559649883727	4.466515122929191	
0.6852729255038408	0.49985356193024	3.0	0.4976818868726296	1.7468126152971113	
0.9626906782445392	1.0588470892733293	3.0	3.3159712618394646	3.4696892999579676	
0.2008258996788237	0.8960910612708333	3.0	2.3461062919693294	0.8989484597371522	
0.6396484332748198	1.9827036667927262	3.0	2.5106104395740694	0.6994027024508548	
0.00020548280843368794	0.1958969309206171	3.0	1.913476036378507	2.3921390858228526	
0.5216560273109461	1.5427619099441843	3.0	3.9017404969118754	3.9750982185445323	
0.04524469959022437	0.49577684685663015	3.0	0.4461644514294836	4.323937320950055	
0.6781215502309327	1.6487985180264049	3.0	1.1880014623696384	1.2642135726997088	
0.6800515409255213	1.7753807344576558	3.0	2.8803515648837323	1.6780061000567692	
0.8420956558338772	1.0651934448689968	3.0	0.37204404124863144	3.590076732624194	
0.7616803566002524	1.1577288805143673	3.0	3.7690291968264655	0.9561523380121434	
0.9138754953599812	0.31540636777398956	3.0	0.8473574107460111	2.8548718543848537	
0.22450572941278946	1.6337126468670398	3.0	0.49920376351546825	3.658234430919381	
0.4463280892891416	1.4590440018463982	3.0	0.9312576108529034	1.1813071832671325	
0.06992671459234678	1.2003569940901193	3.0	3.619305634775789	4.537604158277739	
0.8553272760253083	1.2625262477909023	3.0	0.26458621594415455	2.1056848081895168	
0.755900249577481	1.780954086169628	3.0	0.5250569794881597	3.9605373896641067	
0.3208273917042428	1.1017261075442724	3.0	2.445737776169809	0.7687066441921042	
0.7439322589567846	1.8917508661302689	3.0	2.09353281411307	0.8219066602932479	
0.5708288535382011	1.1675654893642933	3.0	2.815879205883441	1.3674734187421684	
0.3782856263143112	1.7962723439866461	3.0	0.06708154231664176	3.0522588574289697	
0.12550526252419425	1.0017654849417201	3.0	1.9745108971636118	4.199843191198259	
0.4643729673963236	0.3628702744648973	3.0	0.9231835726809012	4.297620482128614	
0.05003147067621383	1.4407983539548659	3.0	0.9301941826226412	1.8113885071770204	
0.42706965810878483	0.27598013096391605	3.0	1.8434672827571523	3.2693646699203303	
0.7095110648515363	0.9162906030276656	3.0	2.41098670669613	1.1397582357510094	
0.25163116621552617	0.38030337630340916	3.0	1.9713000433284718	3.580540287432668	
0.09002918405972893	1.4980069923940713	3.0	1.718644458498186	4.113554648843005	
0.9199883965338629	1.291120140485443	3.0	2.8733698838240067	0.11506733135688618	
0.8538458132071921	0.5696548174758596	3.0	2.892008857619283	4.807342917742534	
0.4271730568632126	0.24661121947297304	3.0	3.142544710659556	3.328267263033024	
0.7601466980747396	1.4191514258594706	3.0	1.393899411690513	3.6290130570123607	
0.9493113450932914	1.5774516308389033	3.0	2.97912451275285	2.0996286578943595	
0.3173393467997716	1.8024537461112364	3.0	3.6871666515464923	1.562693227199592	
0.38602898093880844	0.2448668215879577	3.0	3.837774422328839	0.2707094024011997	
0.48980107323830724	1.0543049798815245	3.0	0.4305596618641889	2.100594661997861	
0.7916560046890133	1.8111780060498375	3.0	1.629381300411754	2.0512407065141414	
0.0048704890339033025	0.8780354126092977	3.0	1.7922195779979333	1.1461201596820443	
0.5496836282181762	1.3698752413003186	3.0	2.2125386996485243	3.5795544516025393	
0.03123010481783517	1.018935866115823	3.0	3.938534135723834	2.0262458806734864	
0.6090964887755502	1.6574356865603705	3.0	0.8884132715700344	3.192299194099359	
0.30854854957812783	0.2843426923976642	3.0	0.7817982273517767	3.753793257294611	
0.47535795503087364	0.5341334298330853	3.0	0.26332119922442	2.097512999247821	
0.05224989398553015	1.3749155655618244	3.0	1.123919264580438	1.0944947451969478	
0.5331435241593028	1.0430184359748587	3.0	1.7512193238444214	2.92333677477344	
0.14555050889905197	0.5981350660407954	3.0	1.0412521530113539	4.420939411969529	
0.131780188327969	0.6086102534949895	3.0	0.3486877575601506	3.1872254658372094	
0.2878166331756228	0.4573580195734368	3.0	3.140845676282687	2.4986908559870495	
0.7948397959141283	0.5240281212748166	3.0	0.976486794585568	0.9462393627348142	
0.895971924112054	1.541659490018009	3.0	0.7750984494669635	3.704513009991532	
0.5968481750107256	0.06537090979838012	3.0	2.646335821965344	0.63750132408321	
0.17007622292220792	1.7087274090223423	3.0	3.395478013113338	2.028914525740579	
0.20058780219308447	0.5877144680974011	3.0	1.129772107474858	2.40931216945342	
0.6215197040136768	0.7926693760330319	3.0	2.3596692127049566	3.656901433414039	
0.6567792282975562	0.3884237047363319	3.0	3.8849997733527353	0.22031505316935707	
0.6012996531950824	0.9769596964570995	3.0	0.009732564483019068	0.4876608785100378	
0.2130133899502087	1.253170234254625	3.0	3.596670135585027	4.7371210204164	
0.10163630568519855	0.18686485424745491	3.0	1.156588880155216	0.5035031425542846	
0.9510935556108147	0.9100139010772408	3.0	2.6139453512660342	3.1590788776500363	
0.3726854452194108	1.7657962238570297	3.0	2.8843341954341417	1.2068422610049956	
0.8288137314104908	0.44421761716940145	3.0	3.937041294600909	2.101519347838015	
0.287417140767679	1.573539854581821	3.0	2.7106933575129655	2.1724232315291108	
0.08046952978340505	1.0402472160330465	3.0	2.543504767306379	0.9083151323972172	
0.8206599848573596	1.263670401485053	3.0	3.2222922569276875	2.256589261483461	
0.9431876569265164	1.149089483735648	3.0	0.11343911360921011	3.2094238671003654	
0.17284121063246272	0.02988831650733137	3.0	1.8190773048769562	0.4065017327620013	
0.07636869407087166	1.5965457850089748	3.0	3.9140049223187425	0.12435616394631144	
0.14646564192809486	1.169222106729343	3.0	1.260328073605808	1.6146729164745306	
0.3914388124159608	0.3134300460875019	3.0	3.544245928101518	3.2883527713154037	
0.44224495786122975	0.9617697336155622	3.0	0.21649988893280359	0.2698933841768797	
0.28026183024885776	0.09792016114542679	3.0	2.927505247839027	2.4422141053983366	
0.5155588011264589	1.1146284596967224	3.0	1.88253351236215	0.8837468030514578	
0.263746438548924	1.251958690566167	3.0	3.658545758962925	2.869074684771739	
0.46425443443832504	1.9519685717377082	3.0	2.094779247515386	3.879152037685429	
0.8203525068902159	0.6138569235044411	3.0	2.3222567937238394	0.20734274716411982	
0.08856812556888838	0.8716471817941271	3.0	2.6068008856363	1.3599654516790072	
0.769212621787213	1.3868489974929825	3.0	1.1034267027758013	0.543293775548298	
0.5088038287242915	1.278142886501946	3.0	0.5037702983329901	3.89495646966739	
0.7655170629423432	1.1279996495432725	3.0	0.5458420980601084	2.6399805552719946	
0.027731235331249438	0.9863443767341935	3.0	3.0547735363670596	4.025068771907943	
0.7774433638127556	0.5571369876895855	3.0	1.3494208253781061	4.3445020536526044	
0.8664663025831402	1.37082888520084	3.0	0.15481596266553943	3.305384708882035	
0.4621602411743744	0.35853352408115713	3.0	2.5485126574120094	2.850220045060739	
0.54155509716157	0.6133575816818462	3.0	1.971724293205423	3.1507203662258925	
0.6260942741046374	1.0705338301785876	3.0	1.920456000172004	2.851343781211602	
0.8169734018073417	1.12602378251611	3.0	1.6855206799155753	3.600506785596548	
0.04613915661833179	0.38399296841659236	3.0	1.2708588164474026	4.4203711206020335	
0.9018372550207657	1.4915768251308361	3.0	0.9772395634905329	0.08579016298652875	
0.8708326245599533	1.3289539766531744	3.0	3.684230524260799	2.363807545832665	
0.6301914291944757	1.0517872033272306	3.0	2.6040181492776497	4.52657009031795	
0.3579117859576103	1.4493814311931412	3.0	0.24494888720694252	3.788137571411572	
0.006467227337111137	1.9355887871348518	3.0	0.5468002050726968	1.1832143325887923	
0.50471326950306	1.0611592731768242	3.0	0.27321689178904407	2.6754374266598657	
0.6048055637802304	0.7614299288156543	3.0	2.34991263165785	2.531977878056917	
0.6499489443273689	1.4944154843112927	3.0	1.3650856276465055	1.271585939454084	
0.37925593731405327	0.20509107182966702	3.0	2.825122613646809	2.9514743868395312	
0.3489478948949143	0.48996046063694254	3.0	1.5652426739411647	3.235747042159327	
0.39653431035201414	1.304933952520892	3.0	0.37381206300499326	1.622138830570664	
0.6661591991457595	1.194974005249312	3.0	1.8475008174612304	0.28853398138815045	
0.4640938542347801	0.7463614739102586	3.0	2.466626711278577	4.43626353745019	
0.02677151575654879	1.8982429157927874	3.0	3.7593938329828656	1.8671317774108376	
0.012450063789086752	1.4912180415740082	3.0	3.442272837573993	0.3000358067850939	
0.5601958776326146	0.667537224710512	3.0	1.8398758026760338	1.588646050333165	
0.5413416310342812	1.917523833292188	3.0	1.230506890602061	0.7953577089810815	
0.333068590777867	0.9405109008063546	3.0	3.6727076311533784	2.768174401026093	
0.16592296699901066	1.5889381067986528	3.0	3.779871546760803	4.195850101866914	
0.07529592565348431	1.7946898810507013	3.0	0.21160631026967547	2.8911366193930874	
0.3285780970705058	0.8526692697136826	3.0	2.7069817474523394	1.5853708434079588	
0.957029805150225	1.8888912677179486	3.0	3.405174129477147	0.4664276807718848	
0.43796099935607724	1.5504331414214616	3.0	0.31512472033461414	3.850381488916526	
0.5786752170289796	0.7124206687350243	3.0	2.648043404272107	2.5998871754893305	
0.18658397480986189	1.4700440004117374	3.0	1.4841090519270876	4.242722663704735	
0.16639063047604952	0.7367678497327026	3.0	2.413153799018671	2.0033048970312177	
0.7041233499405989	1.5747407742104462	3.0	2.494834953628699	1.1981617039584613	
0.5282812942587294	0.8274724950402264	3.0	1.5887318592431705	2.44764871689521	
0.7746993346828029	1.6991258447639965	3.0	1.6877083565550532	4.211630884548975	
0.07364558637339613	1.3450389036428825	3.0	2.9961558705179274	1.56729763904489	
0.46529882810868073	1.1135732023983311	3.0	3.6551935089659735	1.2246844575733413	
0.5714286925951068	0.3887108553051011	3.0	1.4868646786696789	1.984321498170456	
0.031447613374173566	1.982071114775567	3.0	1.284389240710838	0.24283829131757195	
0.2705109849092544	1.3035363407323584	3.0	2.3321953156487307	1.1114486065063685	
0.6734888809841868	0.014927306687899433	3.0	2.534317620099703	2.577391615919108	
0.059002182636593736	1.2653581455461123	3.0	2.214396460792233	2.767871466586742	
0.9713958509755428	1.9055953399828172	3.0	1.6215703801500596	1.048778499362471	
0.3472119366045676	1.4417000995751283	3.0	1.9661256181800462	2.199152711591866	
0.8383863495137476	1.2154519135646575	3.0	3.867984697066044	1.6502457476398762	
0.3229203333381122	0.16841331414167882	3.0	2.6922024957901423	0.39642706278374906	
0.5306801153015691	0.3657252082403686	3.0	3.192456918271779	3.616786057052992	
0.04249134966068502	1.8437963691524104	3.0	1.9144021283569566	2.1530799572581607	
0.4616587902893824	1.8000677822347502	3.0	1.1669605801665113	1.207284645125023	
0.045285628859745186	0.7438292783045457	3.0	2.8071041285055953	3.288901632772408	
0.8101692965547708	0.7118936008551633	3.0	3.5657973879015237	1.1774242676322522	
0.7200059462343478	0.8798635740691907	3.0	3.539738978735852	3.5160014474293573	
0.8147632587768546	1.118200949846544	3.0	0.7954067875501023	1.3326568551528144	
0.19665120216247056	1.9205286369847785	3.0	3.9665054182857595	0.13641194692410596	
0.3098487973783367	1.3214040730263534	3.0	1.484360637089046	2.7690781097692243	
0.4625425254422939	0.45580322005785634	3.0	1.9398186584422223	3.798058125379326	
0.5188744872535032	1.3987630768048511	3.0	3.8847191369356047	0.03695161435429306	
0.5679069797750192	0.5879351052122466	3.0	3.6721827555135116	0.9381645677344636	
0.6432132694653323	1.2061331510497075	3.0	3.767470775856943	2.529023561817078	
0.1871924041398002	0.05536132735289345	3.0	2.3727368137368807	1.3198669382066934	
0.5215692994241105	0.9114393314066933	3.0	1.3737592851104137	3.9620626547839017	
0.7673463993048137	1.6100457364636604	3.0	1.9305654523029263	2.596361695456279	
0.4340179110658017	1.1419833345284007	3.0	1.7163034158863448	2.977797984956494	
0.9294669318749073	1.258946598082686	3.0	0.9237677317577546	2.490666570786912	
