la1	la2	la3	la4	la5	
0.07262539190710104	1.9066641403249358	1.658660353556971	0.4193023226910233	2.7613593597929804	
0.11567046334721487	1.650893208202781	1.414759750005935	3.5873675906882703	3.836268134786584	
0.7823669862008618	0.7966359824504063	1.068934577341698	1.893545696283832	0.7498181227126083	
0.019329200528683255	0.5829914441355633	1.659648218616404	2.5045856707690612	0.8921816925816572	
0.6892714305238274	1.0706317359005424	1.807429151613767	0.013864838493532705	0.13763067195303957	
0.6420979848589508	1.2736206291080299	1.0424192466037219	3.0401524926756447	3.3004607828753914	
0.7581034615373224	1.4730688812878574	0.6632297860789762	3.3345932788206074	3.5790333498121085	
0.3283391457351542	0.16250717605014242	1.2275419589132355	3.027150098316257	4.277474317544551	
0.39396976386661686	0.7896573244248268	2.784734600148273	0.5264667965767225	1.666032018784216	
0.2353674360589353	0.2585388803276094	2.5828787650572096	3.9826457442903007	0.9781155421979121	
0.2343248078385013	0.12606787303027778	2.776594828744616	1.1086042171654635	1.1652133387192787	
0.4024779304992514	0.3918864456207045	1.7018225059821943	3.096714268536277	1.7662130378334457	
0.9725431333653417	0.3501706267086988	0.8136215198489225	3.3607039544315027	4.83977788243135	
0.7659120001094276	1.7154432835802225	2.3557571347125044	2.387213320905727	2.2899796906652963	
0.14240273062450715	0.3506707208746711	2.029551783081221	0.5641214864230784	0.4314584881087774	
0.9766468605009372	0.3517200461478831	2.589860098639881	1.906360287103622	3.4730890663592175	
0.5904457502857395	1.0048133648175546	2.304081087255353	3.58565504225323	2.8924502937346097	
0.23757272153888287	1.938563389657887	0.5273947790501291	1.7024170637609646	3.964370959818273	
0.5603613294915849	0.739230876520762	0.915382497158798	1.3841222552884949	4.577455673371989	
0.09802449995378848	1.9237861110989807	0.9724623049177719	1.1738254606938963	2.3286550460805815	
0.6319424585625728	0.2632793796093209	0.6774373833070496	2.526062485648284	1.5054717113261114	
0.4137288873457493	1.5291735296666171	0.1975335653449094	0.8184159799001511	4.647982180677538	
0.46174361968958333	0.7743857448784384	0.11652770524352452	1.98402252322545	1.5718590573638274	
0.41668534356369336	0.056967509374157954	0.5404084257470885	3.9667626467851003	4.185803602029669	
0.4495325217633409	0.21901736857183018	0.8916758025716294	0.7670250953979219	0.29060454648212775	
0.7774709758060743	0.9086402226804062	1.1560134279061605	2.494715939933993	2.6215081110236715	
0.04391334074379827	1.3907314092383654	0.2648395024511736	1.4545876675524219	3.850867209507445	
0.9935996704978038	1.2730224712919849	0.5055624031353614	2.2382448694753774	1.3656300478618988	
0.9933917946269625	0.5567280466589561	0.7370266149695743	2.8826598463385817	2.969100996182648	
0.7710047969171949	1.6587542599401421	0.6450726563282877	0.4351109017266772	0.13803421328387133	
0.3106311983213341	1.2924709334006594	1.0362741891915763	1.2689440463858932	1.1622410704587365	
0.6808788161032391	0.12356357806449059	2.766655049706262	2.3951928121227795	2.090785788987511	
0.6559376113388513	0.13819294244404934	0.36912691332431147	2.4654478999246554	3.3892385653757033	
0.645718270461456	1.629931068935	1.6138559470383589	0.363292960485456	2.6484661046543305	
0.06777055366645435	1.9601714028182606	0.1205881489499061	1.3406100045967508	0.42510673275879207	
0.5614505047918836	0.04267544968799797	2.0393286655507428	1.8725149807866224	0.5946046155282558	
0.12024123274007126	1.9323854979003492	2.984596670296576	3.995296760324187	4.875934502387458	
0.02733613783482014	0.8148769766550041	0.21229836146608405	0.5943208568546181	0.7969346686860612	
0.5056296854532402	1.1479089652937389	2.4979709326522386	0.6924906728050364	4.581496068894236	
0.563293982261196	0.6450416544905655	0.009190582974238803	1.5709542550250246	2.046641900541429	
0.360657751947171	1.2704430801140594	2.873792001096807	2.9644814509405504	2.387496382689576	
0.6386192189394209	1.1997066838494364	0.14460611301153437	2.896374821970805	2.0029154717011535	
0.1450884572137734	0.7420734482914104	2.173240910999986	2.4169780189471832	0.2831730108303837	
0.11016702417364965	1.5524364329981852	1.5663874756398988	2.0195435051305206	3.4231464919497316	
0.7349622215331936	0.8475486894192286	1.7627939140132383	2.9535556984767664	0.45971170043646703	
0.3601699587547559	0.5995884826008511	0.17693434804877473	2.1638959801288604	4.986346180924337	
0.5581808419192811	1.2905129674935671	2.8389762732262653	0.8587605342297482	4.698869612089906	
0.9568610306016426	1.9620478998587927	0.27220629674134234	3.9347218207762724	1.4156973403395585	
0.017967666919215586	0.1428272239583206	1.8059470709577594	2.3907282248331594	1.130166724239558	
0.4242661315397541	0.006981155464908628	2.4021821724487498	3.5796791044810954	3.6587955097320797	
0.8456256149346892	0.9105770077946254	1.043637958889624	1.599527043832691	0.45198139716725705	
0.4512792472509156	1.4138987337715545	0.1440789868509027	3.2104991230914477	3.864493543109067	
0.8524088055048027	1.0895795845555303	0.6757436033404361	3.885187323399962	1.0652862385066393	
0.2244663489506391	0.39424234192992014	0.19870809839860182	3.118542816041747	1.1579037018605831	
0.8000310136629195	0.7810542062568797	0.2755021745263463	3.7429597211941625	2.2916871668683485	
0.056373289852173825	0.024007655513980986	1.1102816756665244	0.7240135239965046	3.1544840262712053	
0.3865700759064322	1.5824962802280458	2.851754707837597	1.3374268224154897	1.6395212987348406	
0.9091418042889692	0.2991257831057703	0.971384377749526	0.999809961509246	1.7956827268459752	
0.6756050577970173	1.543017149991853	0.03438761569436788	3.1234310956005276	4.607811199214695	
0.5764297008964386	1.9141878542119362	1.0457487390513265	0.7855386801403457	2.1792690103758687	
0.19103317219240057	1.6800402469048836	2.904116920842781	2.9794164666452914	1.3104757979342168	
0.19085697623305686	1.6947865962311968	2.3455397123770543	0.26597988700126285	1.144644553660411	
0.09064833484053414	0.7667587813414658	0.46718325504896974	1.5666158341870084	3.7806290880919287	
0.008402220925677995	1.544060808671029	0.007975089385190204	0.5130549595837355	4.843260779134653	
0.9437778042894863	0.5449527232731122	0.020954428463744068	3.423476049155653	1.545775754758859	
0.8429769441327978	1.3104563538915754	1.08353211120443	1.2070323166517896	2.3507275916876713	
0.7043444651722846	1.2231463164704388	1.1111875894121381	3.789159416999422	0.7116354386032187	
0.3609826580671982	1.5235598756628361	1.3151632567448681	3.485529159149746	0.4956942936872438	
0.8469868787121592	0.5664304716181876	2.5362805364846315	2.8143535466595546	0.008284063516498796	
0.7615929973537804	1.8302936315313907	0.7290909102031564	2.8444784233137543	1.0462251851114805	
0.24407246431639873	1.8892106381310856	0.24015560152858817	3.8672105638168475	4.313812189613271	
0.7562743403473343	0.7968547086201181	2.7029316862976405	3.2075274718504763	2.7372239438666854	
0.36004872776710983	0.3276585451700462	2.232169531238811	0.4789876391328587	4.028145186421561	
0.7446429111758596	0.8772623517168014	0.4054203061286745	1.3341522802284054	0.004076211064951152	
0.013341805482241953	0.16394962100468136	0.46925970385151294	1.8345144086782699	0.44911785027991147	
0.3503978548737745	0.9338685718565243	1.262574569811565	2.730595933281877	3.6851755653102685	
0.7001167075289042	1.7513896269245517	1.2864413265901875	0.6228174474506938	1.5233962070147955	
0.42058581795988403	1.9747477673433484	1.878575458414803	2.2462253720890213	1.6901492388838546	
0.3375574624108223	0.43803585762255404	0.7143992476967329	2.557280641046807	0.9132799434112071	
0.4706713642625312	0.8746410071598731	0.4520657436471691	3.4380102374689483	0.6012755287169175	
0.7997843241300472	0.30214511101261365	2.8041008583124603	3.957126763771578	4.181177000348674	
0.6419845157120153	0.19880878642362854	2.9632414062245926	3.0896015241667762	2.232963637171199	
0.0044147084472019316	0.5867625853865017	0.45062885156533083	2.7827759730465713	2.45118541532765	
0.3198160799618667	0.7888781208877884	0.2004666697998304	2.0294986920598377	3.123823440755836	
0.6588131361425343	0.6079054475459966	0.9449479943255317	3.228283434085164	4.3143303691288155	
0.5497303878187177	0.4947042634811041	2.0680130716845966	1.5677163040548265	0.6190041687050191	
0.8926248610629567	1.6282564770989403	2.518242424308819	1.569389164629496	3.524462227199692	
0.8475155030260437	0.7262893643450179	0.810172011682641	2.825971450052588	0.06628718674921319	
0.22751000991508696	1.8401230421085433	1.4064635867439046	3.899790359823793	3.8920551574162836	
0.6578201681270396	0.7741453433528331	1.3951987253242313	2.4777019950842654	4.624762925617146	
0.3319594313569082	1.017009246925714	2.831202069354953	1.0851216936463612	1.1648465647676525	
0.30615186196416755	0.8266681893914276	2.231601253700464	0.9215268431967338	4.572740637659755	
0.5934269500404216	1.1565850599946033	1.613202142311431	3.3141269462225753	0.06506513208489995	
0.4034784426718401	0.5305192446933629	2.159290885004713	1.5935003560017287	3.252555939917681	
0.8926008811159181	0.7897744011203796	2.2902016600375834	2.1424964549987227	1.1130404735861892	
0.8231298887962033	1.023835483240227	0.04836048110019309	1.7314194174594042	0.2522222888897879	
0.9356863013953539	1.898700654483037	0.7208012685069294	0.2720791497667072	0.5841422165485943	
0.6337947783845239	0.3459407165797703	2.0958352869828087	3.6992756063236345	2.103556541117232	
0.47669177506893445	1.4736473136933932	2.4682306400407934	3.765685118877499	3.6323459140795067	
0.1911849571241402	1.7755102524241797	0.5416042680932148	1.687179395516802	3.5156109278593433	
0.3883458690475329	0.3405967123439164	0.2032944152942917	2.8178299783738527	0.652500959696557	
0.2417154635421136	0.9753252643307975	2.382021760407758	3.7525198216290465	0.19758256922249973	
0.43663549164666915	1.5628853082156653	0.16656686909822593	3.2850873091819768	3.01795267818524	
0.42869109988746334	1.485038005240565	1.804401511972908	3.6349231767747487	3.5970666710571026	
0.3231557838984771	1.281481462667244	1.5720131710875864	1.3486114583843345	0.7623443698627352	
0.7101874230556087	0.7907676917731923	1.075525291334531	3.3936401807516616	2.3273129786011486	
0.9858191237835323	0.22085930282141497	2.476372650938143	2.63844743744549	0.46727482335649273	
0.4290480974582094	0.455017881909078	0.5761413037506249	3.727899210724037	3.042636995653207	
0.14709079084136112	1.1099892857606426	1.6100664754877563	1.271561390117757	0.9300790304768175	
0.2959200340846402	1.5274299055409015	0.3050507696207265	2.747456951315145	1.6254140467159262	
0.26598243872927885	1.6328843644554136	1.1116924721938124	1.1744422708257565	1.696968685684646	
0.7340525952307494	0.4212410755728482	0.11521081197693539	3.296920110361763	2.182437595632836	
0.4971394689360086	1.1508750542994441	1.0062123684786464	3.098632074839415	2.851752743541378	
0.9975356202864378	1.3671703815822454	1.9947478177184217	1.739861551146897	2.201158142674886	
0.8652431029060035	1.2866183181754909	0.30175939913481786	2.2955004891018866	0.448288677730142	
0.1672917182797421	1.5493197539210717	1.0713759882155696	0.5134791453319254	1.4847602061708576	
0.6799861524770264	0.2366550147977109	0.20644368437387384	1.7483349805440036	1.210981186396956	
0.9080859905869098	0.7054270294896041	1.9724885286321805	3.90681041911663	1.2883596731577462	
0.21216831135906067	0.6012539672919492	2.9963081258496445	3.9676623025439732	4.760149968454298	
0.2738382036652488	0.49973944023176053	0.9076076099190249	3.7395053912827723	0.48979536194396545	
0.4571355028185333	0.4855724924880318	2.006824221679122	2.2606321751098593	3.8268559756782743	
0.7899831814359514	1.2330788147069345	2.1355494671243993	3.009199597201622	4.934268367775758	
0.839730288370377	1.878574687598375	2.2611751096629393	3.367928840841932	4.223096094541189	
0.2875909786391704	1.3607023556736744	0.7295692551222103	2.604362824817906	1.3873311779762687	
0.9593516569247966	1.8090353958833174	2.6768852263322556	3.4625675307137533	1.8643318842630334	
0.14334268098698666	1.372095278496542	1.0394321549407675	3.2185808970865892	1.991135732318246	
0.7744779124630276	0.6416291585466849	0.019034743936667264	1.9251728155141774	1.1840857280485677	
0.20247950869272613	0.7206073028652367	0.7845634188851143	3.239444481189133	4.946480540749939	
0.00046289923550490997	0.7573151255489099	0.14313956083009272	0.9136326252276885	1.5576244818755831	
0.6330433041763793	1.9238442386389343	2.9229947617336416	3.993382435819943	0.4142896597948764	
0.6078357299156046	1.2159571153202975	0.8053627230985839	3.100082551954788	4.896971074632319	
0.8751798928500432	1.4897665815569086	1.902286991504778	0.10203952899113533	0.2724552934694474	
0.22002211425129448	1.0388705005601024	1.7232381694113519	2.3749057124876423	0.43674217192111453	
0.38500660045629775	0.16890623963625262	2.0106339910750455	1.4647869878372455	4.557602768268662	
0.8059328485940429	0.2042528879722787	0.3811119896175418	1.6910444034088563	4.392306817738953	
0.897923692654816	1.876668268693983	2.592480077220464	2.4046625594750797	3.3657117343564877	
0.23695396727702556	0.3892917785454173	0.3943829499073105	2.9495258315986352	3.087433205679797	
0.09095674514430396	1.120955751234835	2.5902209581512103	1.7958007887463836	1.8485974736665922	
0.296075624769328	0.21921555181760222	0.3108500669009059	0.16688011569348093	3.0267397743878055	
0.38773702808651767	1.198580698993713	0.31196835964228575	3.84608547995268	3.148306653492999	
0.6303896787723975	0.3246992932153032	1.3059566002437095	0.8916776315495762	4.184637548437946	
0.3019492713194336	1.9644185388604727	0.7018167706785305	2.7486831023875	3.484317182008643	
0.25321543885635167	1.2387707322775037	0.2072458118927375	0.5420612972875438	3.524546022099142	
0.07403844414038663	1.9252654448352577	0.8121241170127044	0.5343785945438597	4.2496852246908725	
0.5929571221980496	1.5577633200123326	0.8727231844417059	1.6995801617356188	1.632520036043994	
0.05197633955654357	0.9356741470937244	0.3265733385016756	3.0230011783045625	0.7191072256695197	
0.9656493378031992	1.9206888875207515	2.1437607375433787	0.18216609446985021	1.7302091956526533	
0.6166446438482545	1.6317655454629567	0.6783338236594988	3.0649604825076837	1.6651425107540563	
0.4532338818767119	1.6178959296624371	2.4180500555560482	1.600593584930989	0.16056809304280162	
0.5653367502806592	1.2806399085854163	2.9868697102603243	2.8596506667127706	1.4629068639218301	
0.5817925537306224	0.8077620392734861	1.4175696386809356	3.9712927115875205	4.648197195664498	
0.6461801391582769	0.16521359905756716	1.791008654830235	1.4937857392878247	3.375432552108404	
0.2170471225879239	1.2185672511101908	1.507610709422786	0.19033171709356278	3.4552516973642162	
0.04942292100683143	0.2658932820865596	2.3876810673054636	1.6262359333917376	4.20632915521262	
0.9672362373340486	0.994860671881044	2.150209684483765	2.917647598164896	1.139966183032356	
0.5786278488926816	0.13438278792316205	1.5534318666362075	3.038685150301485	2.1976987962120194	
0.7140483543696959	1.2843937403534884	2.1994791874406525	3.571862417325928	0.7154364048023482	
0.36414556379472174	1.6731165599783793	1.4349784343384087	0.9772828057863707	0.8818738175399715	
0.4785011132225133	0.17321118402847868	0.77683400752058	3.1832819540078496	3.5583528324635276	
0.9434552753820213	0.7956283531038146	2.0725116202544602	3.1382880888508544	3.773854005732616	
0.028593832935172148	0.7680216706774863	0.8709805288752341	2.7291473991585877	2.181551177375773	
0.5235640219124867	1.7233429929540818	0.4318458710503139	1.1975862803123758	0.3180496870857713	
0.5703115831816159	0.5790892083296026	1.0770727172734262	1.5702848784729158	3.3024654753705067	
0.7194121701815747	1.2509769229245926	1.8858565665254872	2.4620101955110925	4.430635925432213	
0.64498247692826	1.2689388787449012	1.1675570835158462	3.892290311522531	3.601485969649994	
0.5343726688736462	0.8320883352486159	0.0938211974441463	1.8563565853132187	2.4557798852978143	
0.7337804385720889	1.086122717305816	0.3906714115252241	1.1825729533569893	3.5640924683056725	
0.8704292341723376	1.989563970475671	1.4300549306723631	3.8611486314181818	3.365233072098815	
0.8301420301038416	0.5062738360688788	1.8269701771738667	0.2165287848120978	1.997595531870438	
0.861218313659502	0.2810851458898078	0.6045251192514506	1.134446371732683	4.527432418099772	
0.4654978039190977	1.2660093130088053	1.562252031655413	1.3436489161909981	4.360743455314896	
0.4337201173364795	1.576123671251379	0.10904222972234634	1.2519238856986616	1.9858219117122462	
0.5265751077114933	0.7379934705487536	1.884860623272179	3.4367135263517343	4.890170111309621	
0.0918241444694019	0.5279484514608261	2.372897787516603	3.5679101239952242	2.5272483474251324	
0.277064922915192	1.2497997359271749	2.0975221836638083	0.6057502264397208	2.138107244702235	
0.7357922902900287	0.18847139356085107	1.0747249616656425	3.7716011833303544	0.8705796425718942	
0.6349303084132946	1.5748803179157582	1.7939244066957107	2.1756547624032643	4.9389870751104965	
0.8412174221774434	0.958452676020908	2.205071394483948	0.27027161904089114	3.5668207129164458	
0.6158576520891499	1.7073921817806115	2.589951856247455	1.1688879874254994	2.2574524666635427	
0.9291250874675039	1.8032700607360332	2.287820280575882	1.0780123088539626	3.996239112411696	
0.9990024893799823	1.9205572199474163	0.7361479742743686	1.534048477679642	3.644225265144945	
0.3405148163390189	0.4299150127568945	0.775668250148381	0.29781399709520295	0.09518104591074272	
0.5935942682361532	1.8786683689363923	1.845087413688549	2.792784654336221	2.3595732255043638	
0.1781985535546916	1.6850676358763896	2.9234746761033223	3.8278671893400396	2.9102232127198913	
0.9694697339153713	0.1422316209965011	0.33423189468487535	2.742122251527066	1.632073429968461	
0.8697062022201694	0.8979477481854841	1.0573992366125362	0.6963622097359967	2.200293307315537	
0.23713133186306434	1.8374511899095207	2.188104884448239	3.1062254481335896	0.6646442423011983	
0.6943910001386203	1.0163945955872273	2.274515069503961	3.414044009640987	1.39001842087215	
0.4145698087340729	1.567253748786541	2.9279937620762873	3.399313960333017	4.067814130059929	
0.9667871420831323	1.3650875747428923	1.1248674224599504	2.7028518442984164	4.294570829886689	
0.5517698023625067	1.0621760955416701	0.5428876083801972	3.097455832988533	0.8615138330468558	
0.10661965709395549	1.4209956267964652	1.6009128598392621	1.581259333722925	0.48275731159019175	
0.9338857404387534	0.6780558040991382	1.7654642516646641	1.414719277949088	3.7841372224061565	
0.3872541631003621	1.8796122295904447	1.9311194446631705	0.5943391563055918	4.745985221239694	
0.19106621639763854	0.055396923713088686	0.5448078415352551	3.242668647236737	0.7017863160631976	
0.4049099805038684	0.9006686440875458	0.3918923998939823	3.896383479682094	4.185860884376539	
0.2997337516894335	1.573054626888582	0.8296700473518801	2.4039215295591188	1.4263315488607908	
0.3313821072639791	0.6219385711809726	1.007357902181428	3.513394768424475	0.988766452970582	
0.8853211393265636	1.172150525441661	1.8051390220940142	3.1161343022837316	0.31361271926928336	
0.48842996875990496	0.815045076288885	2.795341656093104	1.1711047106260168	0.17722433151295236	
0.5343044696371233	0.5074711914819514	0.12159750673690362	1.2993472978210021	3.268074774718773	
0.1919955012357637	1.1935144435466953	0.32321218458175427	1.9668188323297566	2.800764051392849	
0.18401839071732862	1.2786784363513835	1.9633067757080758	3.1972317187835606	2.670919148349019	
0.8805222033283829	1.0238511936265753	1.768059312128972	1.9575730677602947	2.6882756386390803	
0.05876735848203263	0.8321133058516499	1.7392787220349697	1.585821832037385	4.126002733571436	
0.6208352473333769	1.7098652324089505	1.8123757515307655	3.6067625712280833	2.5953312788668663	
0.47797583709888436	0.266817013347427	2.610508846386262	2.7719450361765703	3.3726444863126455	
0.7239605500397499	0.6531827106269503	0.05047062922300527	3.3225798878592734	0.43084378696340353	
0.9588884397051726	0.34167920822493403	2.4621444279191413	0.2227490804322878	2.6324138397946277	
0.8268316366772982	1.0418385107323176	1.6715239122763328	0.8540764859494154	1.3611574608310346	
0.545593594183046	0.1458311022457377	2.758754857620471	1.7124235371493266	2.895186332142278	
0.46639543658203053	1.7869537191328848	2.0013840179329043	0.024826926933481097	2.7061058015771366	
0.20799337234150395	0.38516266117691167	1.9559555465648408	3.791141441642715	3.4484634797280718	
0.8469835981794884	1.7561042957665078	0.7579992580485155	1.879540717657191	3.547650942887276	
0.3067992721903423	0.3709280704704234	2.869098816561746	1.211139397501019	4.936616391032271	
0.5581741893778779	0.44013851918828517	1.9953974441397544	0.7546856378862912	0.27374513585279703	
0.3439941645254001	0.4666694861852787	0.36407938344342794	0.9510160146620139	4.292649511827263	
0.033858462066296835	1.0896392506183519	0.17236991955542014	3.4361858721618552	1.3816722519859854	
0.87465675003071	1.3657624825117471	2.4572919597940293	0.10411288418892362	2.993791193838338	
0.03783578910369223	1.9608255408406319	2.9532144729664136	0.949157243785566	2.0613840535266985	
0.11370632802337222	1.6005944431210177	0.39034270610095256	3.4325093588965125	0.41680056667398324	
0.5329118437459222	1.0276363222575853	0.6012447016909359	1.4609712605027103	4.716614655196533	
0.7093796704372886	0.0107905658037728	2.5892090594139483	2.5301054864228245	2.205633269292729	
0.2449021924259842	1.7049784223721052	1.8294155895561182	0.3802736221643399	0.19502774497607567	
0.34957346675067	1.707744800664902	2.37229324230022	3.9607492143510084	3.1790356943611764	
0.7641491658095627	0.027884105992990404	1.0421035710053572	3.989642625446508	0.5935996002760224	
0.3755540083890053	1.831363529256186	0.8029291301301033	2.741138237799722	1.7782086469360654	
0.46011734401475235	1.4502208124043143	2.742722840737103	2.8580936230545237	0.6084272722748602	
0.7010155370321498	1.8668341473197692	0.16918765594079588	1.5501088800158205	1.7155136538408362	
0.5018439479509705	1.988063107748392	1.0439681542259065	0.9940990523043278	0.7719113113813297	
0.8652059402824465	1.0925849059500221	2.3277699074271005	2.445432816938324	0.031770640573439146	
0.7241024462965406	0.67371226063822	2.40500811636002	0.12772886838159625	2.1364977651015993	
0.8595206100319048	0.9117150904294828	2.6827163875380453	3.946964798913852	4.074561695893068	
0.6843289028426962	1.907259066175326	0.1663428944630262	1.1809979859773834	3.9865546730750854	
0.7335777160050295	1.7606864395435722	0.9867715423423172	2.518321284727532	1.105391828368698	
0.4435753434925942	1.4736871738600432	1.9737734713665218	2.9294043708511426	0.22013276515321423	
0.20055610626909126	1.4190004697266405	0.9937715046055987	3.7791321008202976	0.1099964309709528	
0.07991921031817295	1.710771103105018	0.08992044952168543	3.3507828853943873	4.459799405434995	
0.7932975340042744	0.721502422760883	0.7906646726482096	3.862949915426455	0.9688181853094119	
0.29528340605747283	0.1689132491025951	2.360878870675475	1.987871844997862	0.7882343514989143	
0.37841292945343197	1.3103092350635825	0.8492380102232753	0.4929760490499131	2.0286163603301417	
0.7159728603895376	1.4811277870332882	2.3299997608117344	1.1721774331343293	3.882358560564565	
0.10941097975228764	1.9008412610755678	2.3906679316661523	2.050490215409175	1.361211400002733	
0.9183072354854904	1.4752971309127774	1.0174998673965447	0.8307023838757215	0.9841091468088164	
0.9900759359998392	0.7317900256267527	1.1351432325730657	0.9908027090606302	4.550296548885978	
0.7335774568326617	1.6247190603076318	1.7094573904890826	1.108771602112709	1.2483725735905837	
0.06774055979017812	0.35373111769497134	0.3969092120030093	3.501416648357756	2.3838224906111676	
0.063249348998624	0.8064051225178925	0.6980312883944767	2.3151150246496	4.946734508620066	
0.4361635294867887	0.6408109332318861	2.235041241490898	2.925904500064412	0.9101596654453775	
0.03315635061490585	1.2585587560790221	0.9724332815545564	2.3380458445861887	4.1373207655515465	
0.16179103586259358	0.8066600934292067	0.30734014746720717	1.323118149662077	1.2068705319618889	
0.5188388031148594	0.8894391912203938	1.6777352977516258	0.8101604303524947	4.098020553451136	
0.5162592616891508	0.9876709733397908	1.245150234545029	1.1643505650457655	3.918844692169983	
0.5786757196782978	1.3092793464495365	2.9650941219245532	3.1843185023101155	3.734317024673609	
0.4896873801476208	1.5466886029160716	1.7378654405331322	3.127130727266902	3.2992460880327195	
0.17966756646737347	1.9496687839611078	1.4408026559916642	1.4144881901204887	2.6296451307211317	
0.007676683384698735	1.2093173253549137	1.8700907056627618	3.8483818837512356	0.6157477546762624	
0.9027334941844497	0.7606838697155747	0.7018691438607603	3.3079841546086537	3.545585373231097	
0.7823620923392645	1.6991482240702904	0.8314626614539363	0.0887959660942248	4.03316308890871	
0.8602098731222485	0.4779052410740019	2.257823890987118	1.4356601446013704	4.402219647618853	
0.9293373088005137	1.836375961424332	2.3945202214503545	0.817742345164377	4.2402885195820055	
0.7223853172095811	1.381215918073752	1.4248880440761953	0.7049555778044634	0.32563905999774323	
0.8450183018886089	0.9223084038014768	1.129341818415261	2.2525126443276227	1.6824112320319746	
0.5529109853361655	0.2830744528082123	1.1331005019910039	0.49675379273954867	1.9330209553918942	
0.3470235578830785	1.7953561355996672	2.1720069657033934	2.3951428881201	2.3800250748505487	
0.1350699911393346	1.5933246932807648	1.333521318965217	1.7136548285349562	2.8539667204218584	
0.9719720538261885	0.39363363782190275	2.4330390657849383	0.9056592586461232	3.7719814400293554	
0.00238129416514965	1.5079898428799023	0.5492336210993384	3.5927381307575117	0.6060072985741966	
0.11109231238344508	1.403047121661945	1.7404070661561197	1.559486105794707	1.5747569651682363	
0.10444713307382036	0.8264674225543631	2.670604569454503	1.4275877953294986	4.674152306968866	
0.4477539773675855	0.6585958694483125	1.7555946062514662	1.789413527313163	1.590218735464105	
0.7311838795363956	0.31853862974405	1.0183536785832645	2.0421956118259765	4.426653933471945	
0.869123339041133	0.23735417364442712	0.10953541009069823	1.8979132719493585	1.5783907180166568	
0.5759164819321438	0.8718570521144615	2.5234106007970785	1.9132634454013684	0.7958398254782051	
0.3879038018801383	1.0631414098547478	1.5494253108282632	2.478304623900213	0.2328609145834959	
0.1457686415873064	1.2711201388139066	0.3533890946143252	2.5949443917520227	4.9283622464486205	
0.7330816329115967	1.7157596824760848	2.216413211605896	2.743598242388949	0.9553604566240581	
0.4713884507814653	1.6571954044425312	2.439040980348174	2.18814177358616	4.331813277201462	
0.6052536779464621	0.3830093997846322	1.924023611488114	3.942365742851726	2.8896017149908144	
0.6879095955979586	1.7073437537922924	0.6865624964935589	1.9222681589487909	3.204378529277823	
0.2889944659782677	0.6633825932567203	0.8304307391899792	0.1631811365301421	2.5011634135294787	
0.7518964195365413	1.2719005931147256	2.307602477084658	2.20865997367348	0.5925556318162295	
0.0924584400080174	1.5527038068210541	2.21468693045142	1.25109826013546	2.0050423438833365	
0.9323118073958767	1.2327208170095403	1.736610007116227	3.4477722110160514	0.3324925995689787	
0.8710466175100562	1.5937847056406478	0.3746366097739997	0.581652616775366	2.112627614850463	
0.48229558876806256	1.930182468251453	1.5147539233392826	2.358457802126584	1.1376012030249698	
0.2387480063820019	0.5240222821686289	1.7805104645220753	2.937192228612194	4.0481293473664826	
0.10108409804293317	1.828517998849314	2.3180911663074655	0.12961818089306032	0.28518880775286193	
0.21259812851824678	0.0434967635840926	2.86375580649192	1.8455557884893836	3.617516838181026	
0.744144092681618	0.18872651716836364	1.5801449746342673	2.2255777603034455	0.6023390683461782	
0.08917151522033495	0.9453854887278874	2.6101678449530743	2.0110488941347056	3.20001189559951	
0.9669787140543764	0.1395927719581851	0.16097142337236037	1.3490936220065488	1.5030691713485194	
0.26577471100650274	1.6771866109238704	0.22764481864379316	1.7098002233351108	4.0571391872848075	
0.6828875350755993	0.4748232186459016	1.7595607194243945	1.282191096601112	1.9764447368380496	
0.6711934060327668	1.4309909290264067	2.559157581602509	1.49366330870166	3.8528243620001543	
0.5566278986671905	0.15031018351927639	2.2859355393474923	1.5214492922587288	1.3209872367738296	
0.12157411386182981	0.40705882278545635	0.702890149053867	2.091255924235966	3.8176245817207106	
0.5718859411442183	0.759733889922656	1.8240407572282336	0.014860721200710358	4.87309880156861	
0.7079493600262753	1.6922294852961004	0.79017670324056	2.3907999592244313	2.0140093005202853	
0.41545381602563247	0.8285589641580022	1.0960374136395123	3.4804450234974067	3.4818886074277695	
0.4224464208648294	0.11109653859314661	1.078811805778743	2.27573314936967	4.104119960176527	
0.707407253976258	0.6272510347209945	2.9864219469025644	3.5364202783118253	0.3366733188538268	
0.28774250154489356	0.4414660518415958	1.1414510746388062	2.494753920051254	3.1733703960538877	
0.5082412352344354	0.8404496054200377	1.1563421198741222	2.631741104601405	3.416754099098453	
0.25349544235325416	1.2952098701481514	1.3933367105918806	0.3149459656964124	4.920541754375507	
0.06662921211656192	0.062480012310240474	2.184080705027376	2.5909347735190975	0.28893924581464614	
0.683703725437955	0.8822401341184374	1.7104272669874718	0.2814788260141876	3.624172576340155	
0.5336212269326469	1.6638306216069951	1.9569566659515223	2.8849065900797086	1.9177642803758665	
0.8061932666498953	1.2995271402665662	2.3184777824349636	1.1768984326387368	0.910689335640365	
0.7631751379935287	0.6371105863563475	1.4132034565595082	1.2108038540242925	0.746115479151408	
0.4186439256154445	1.8112354886271627	2.1128524841055754	3.33187538964143	1.0640910354372206	
0.7238771619670961	0.4980512531532435	1.3381901596542336	3.2447276341891365	0.15426394217095907	
0.4242438617513403	0.7476680848530952	0.5041357829346721	3.1132124965911454	1.5630435705342105	
0.17442583284290325	0.8055198426511487	1.4935630255733843	2.161181940684706	1.1828577455419753	
0.12286380799732033	1.2482809141755096	0.2769996995208672	0.6352711650098612	4.832259847788461	
0.18116214051704949	1.7540491781152143	2.594519827750822	0.4601346505263062	4.36808141702647	
0.35436662441467337	0.7635148910951284	2.899860143048412	3.4196744238576313	3.4889876151960317	
0.91084069709969	1.8851235068078687	2.304317192760417	0.39647155043772386	3.879194626456651	
0.35863495034709125	1.742144471655894	1.6926461247830218	3.9285759878985953	3.0674532254859437	
0.21615226993251735	0.2272975684879215	1.8559589156709173	0.042794336589274895	4.960457021737897	
0.3382863989711492	0.10044675885471066	2.5295118108193586	1.1626422645487762	1.7604130059758178	
0.153785207389332	1.3222101956114534	0.6498231249589321	0.3128913994167415	0.5499908232932921	
0.03319482638250848	0.36739517717446457	2.6982507707839787	3.8543797576204355	2.64901913681245	
0.009069424385462654	0.7426602275018874	2.7299228193037433	2.9773942273211507	2.3387395139247285	
0.4660167502018977	1.3045536350741633	1.9437867895032273	3.819392624361802	1.0798889643975746	
0.7097786825176241	1.9215809240877517	1.0974584947894965	0.17662727083458085	3.456144823793006	
0.8719608749581256	0.8557816813641457	1.5494307825321938	0.45794276687198154	2.502304793591204	
0.9908432426080361	0.1053894868464349	0.041086124132505786	3.863685363205802	3.2106135304088026	
0.7257341652822894	0.7673432554677508	2.142385229210849	1.1764766777046693	4.440955736688336	
0.6148154131366582	1.0330579134670725	1.5949602464758323	3.9203947457520405	4.898764675146417	
0.40743987034692675	1.7136020617811092	1.3322232863636962	1.9582801912885448	2.1833717171498925	
0.46928544405168493	0.1279052221764354	2.1513302884469443	3.258123103917925	1.8752281861658853	
0.6599139606531768	0.012325033740057112	1.904173548938375	2.5609351688233057	4.927952125416569	
0.4603634180406594	1.7660698623711808	1.391965625646793	1.929765136698106	2.255203456614867	
0.8492896509096743	1.438829855986841	2.8114403920496716	0.5702293765051003	4.617650768527447	
0.4396638680769748	1.1173571644567628	0.3603643309068195	2.3716361437850617	3.9624667663537494	
0.6169965690976806	0.48372610239327574	2.1490920535561617	0.35201764269979163	2.5819212962530624	
0.30698219786486947	1.3776680263944872	1.9640861991445995	1.047624049696596	4.888119064011882	
0.08918609719392068	1.3914617298079512	2.324676402383567	3.924312030570966	4.483899543754165	
0.3987844012722416	1.4854755956399048	0.057970908227109263	1.7046321186524231	4.923221334578825	
0.9790438723978734	0.2742198141209582	0.9524399652178405	0.09760283737426256	3.9181888237590408	
0.29981448185038406	0.21899179036766303	0.12590128656794097	2.414523980035194	4.105197404566941	
0.5774683000700274	1.2594010469765968	2.8800299655415893	3.7130692234585103	4.635664750589449	
0.08191160923572893	0.16564141661512943	1.8648216172965653	1.3223211572271745	1.1964595793680548	
0.3485002894011142	1.2579839575466625	0.3758705091751068	3.2169770831729108	1.4087296710834756	
0.46704462771004196	0.29031217562563816	1.1410547951949432	1.9918385171909634	4.079365211144469	
0.5096905256332293	0.18001637959315442	2.6143482677334484	3.8550726939211484	3.2081617710318855	
0.46286857317613406	1.1948439349852005	2.467386764500362	2.407557337361852	1.5494241344638966	
0.9816099518937051	0.7152906785845954	2.4126230379970757	2.5750778050367993	3.9427773734766856	
0.24324618055215863	1.5142572701376495	1.5478651623186486	2.7817640339283027	0.41347988236549726	
0.8451876348643897	0.3928575881592291	2.9850146925597336	0.29758075150554086	0.4661025131525798	
0.36933179645701375	1.3751978519651211	1.007497021981476	0.5934287757381691	2.3820144605610154	
0.5332181160994836	0.42497686382048006	1.9753893257000683	3.419526784209353	4.247272233886974	
0.7639187122311347	1.7988292655161546	2.226563520771753	2.897065597608516	3.264607200484721	
0.2333713734027637	0.17994192561489486	2.2027949749718085	1.7663577705500058	4.252331317732964	
0.44930983144876646	1.7239741739398722	1.7284819112181231	0.4528051145038279	3.8316311183566136	
0.8187666954468895	1.224048456641857	0.8211068823735339	1.088977474968027	1.2573721766179835	
0.7705488754125108	0.005514241240600182	0.5063050622904653	0.8706090296217153	0.3128487660147622	
0.8448124065921646	1.8762423525869207	1.1288356724576696	2.6808540536617476	0.3631356691182652	
0.7849358528446281	1.0002829271542304	1.5345158537326324	3.950785438335359	3.485906923704615	
0.5854695209109931	1.9632258214006832	0.4359126879673424	0.7253987335626264	0.24131122665015603	
0.33518625841824545	1.884087505994227	1.468744430141061	0.6273274017230315	2.5551869678938792	
0.5422845701633426	0.8378136348843692	0.6401775949249345	3.4056014369433325	4.47569209243199	
0.48169488435269325	1.9162025344148466	2.1849381369090324	1.2977215419353714	4.194039652327456	
0.6269507342152605	0.0926856573835626	1.8058334156849245	3.0820065816756985	4.70011379243578	
0.39250307587916666	0.6515265171762872	1.0776273635493405	2.240810483987928	1.0332507071606538	
0.5952896537775145	0.12149700312220424	1.1222663434123188	0.09639451125271625	0.017242397240856966	
0.5988840839529926	0.20024194008140084	2.4065620876322624	3.7049977307173965	2.577667763573989	
0.34096044922943636	0.7396730772624844	2.618456039222967	0.8613617830404774	0.06846630883811322	
0.38887757105812115	1.1290888048115222	1.1935015181866941	1.5609606804213616	2.0860036661487342	
0.29989510341068704	1.8306172830367207	0.3674153982189414	3.0718905106177674	3.3909189288164514	
0.9745500244718523	0.6080572735544185	0.39503808163349274	1.8590001847813609	3.8064226005115125	
0.4939854573368976	0.5143092104300993	0.8306442894033106	1.8969974540713834	1.8256024763537289	
0.8820810936733611	0.4435815167694217	0.283455284486239	2.2591322651463743	1.91709043029384	
0.8467268078499302	1.5576715186947514	1.9552644209184282	0.6385231184049043	0.0014494917690227593	
0.313831135612631	1.9479364915983364	0.6602122714715175	0.6983501976008863	3.7759548887693755	
0.5791660705010698	1.8310438237415598	2.8913508278661335	1.5232702546240966	4.724813610524311	
0.7866396638188087	1.2875036892196094	0.3451045802117698	1.3018537844188725	2.7827538242179206	
0.7979249058064353	0.4021431073891739	2.887448034632002	1.2188828656533217	4.331029742468465	
0.49221821442841385	0.18789109557569383	0.9817662981314709	3.277871682290342	4.980442672409994	
0.7239487484777354	1.6965743553594586	0.5763598221151963	3.520983503276593	4.571305593378319	
0.2729602296724275	0.8290793428261831	1.634483187545873	3.553246937437396	3.3599851536548817	
0.8077797947493262	0.7527306191306087	1.6059325895580527	3.0326911714748457	1.4555070004956923	
0.7444280469322864	0.011377606647818617	2.8675051711340718	2.270526883503075	2.719092283587533	
0.2039856474689119	0.2674215437417229	1.4834800456822719	1.5263487589921128	0.4574570495692609	
0.8645829954700393	1.809288047024454	1.8106886719740696	0.035316801136441534	3.6938942024024652	
0.8926122438987915	0.4522549829877349	2.8387090610716452	0.1297899567045553	2.9653880588208406	
0.9615050276493875	1.465812492642947	0.8011850459513233	2.5987838986045753	4.0020386788597655	
0.4877584981941575	0.7088875916963564	0.04716701650530297	3.9636612231476493	0.5829646060525356	
0.7552304727181673	1.5291455332090516	1.2964468174620718	2.440391824675137	4.920190614680139	
0.9192298632960042	0.568945013755757	0.2992086122791955	3.83700653325424	0.04669432732268719	
0.7544498118151136	1.7430672881666274	2.1668410242032987	0.679368899881668	4.935471619920435	
0.16984766363007253	1.1724714032761292	0.6774158216270002	0.6281989364431939	3.0918257306517734	
0.9260498761011202	0.2850552289217485	1.7236856682033888	1.5464599442839622	4.075348468467342	
0.8628361261626853	0.5469384058862294	2.6838025687579288	1.8327648494908377	0.3166165177215402	
0.3868853925429714	0.25961058525696235	2.779731626980448	1.4633821213528844	2.463416401516982	
0.9380674692137241	1.517561310349784	1.0877621934418196	0.5334422916017276	4.452289044602075	
0.7640722741724869	1.5201557422856344	1.4623539538810002	2.6198033913523897	0.8701842960510653	
0.12557749059477652	0.7025076395641272	2.4584384796794447	2.862925398988862	2.3093599514579335	
0.6193152146551161	1.8543295116634992	2.384300883246345	2.550379423314305	2.3901735436177063	
0.6845406225226338	0.049741977343123134	2.066610458590741	2.4427468103117422	3.439295433723303	
0.16121829816946653	1.9184623545913466	1.4539426645082458	2.0120033982755867	1.0992375532389058	
0.6399058102348102	1.2477796167793511	1.1431959514619099	3.12243037920259	0.1089019109202799	
0.6489883677833432	0.47702558635861814	1.5051526706939589	2.286946292340038	3.6505625045782004	
0.984875611102557	0.11379640178551109	0.8589553935487436	2.32299772420249	2.62092173808407	
0.0016993026487754914	0.9325087542706394	0.5371121316936778	3.367089106908949	0.774996133572966	
0.036334087287185346	1.629971134505206	1.8425149019630886	3.8502971339208454	2.0841790666325326	
0.8010286999167033	1.7365715091079688	0.7963262236450946	0.022860464193954044	2.8955787390887915	
0.45773496029581096	1.9939748041246828	0.7723093687465714	0.974477322267608	4.562006699162618	
0.06352620724511704	1.534284966962256	2.592725204825927	1.6372970944896452	4.2459180902684714	
0.9597982905718134	1.1199614657518422	1.7567639783418894	1.8046753976874315	1.9483512480417153	
0.5075837981684818	0.3496606397292843	1.6230864831869845	3.036421397263073	2.714196801899913	
0.069066124018062	1.505865297017135	0.6672490712762196	3.549499589554857	3.7182358973329666	
0.08095016339112449	1.6217497176897007	1.6178815103710762	0.5511352535073195	2.081920482954069	
0.9193358357483081	0.48230239831554833	1.5103655022367108	0.4096525246399425	0.5951627405438875	
0.4015915989998271	1.0526988276692502	1.9753543481593496	3.560258089682356	0.9743949649088934	
0.18777679722040896	0.815107425190807	2.012436853859506	1.9999540923593595	1.0100153783959769	
0.778191214223777	1.9496638468738632	1.266592845422955	1.9855720127344094	3.178701213789857	
0.5349012011851689	0.38973399715274115	0.7548111128983184	2.352166708285969	4.336106179749841	
0.36882072336415406	0.30700480782774386	1.3205619278957033	0.8445055574018765	4.297728538222842	
0.3223092408770931	0.5137477384842148	1.512466144903129	1.7599961756799773	3.735625102080171	
0.6965524451884337	0.20518545391294207	1.7998789974588754	1.7934295305647514	2.392220805201324	
0.7275633099277485	1.837876630534471	2.4107948899535447	3.7369918878602086	0.9196181050789093	
0.9618048526975618	1.2475786795596657	1.3410294260728812	3.8379587943078457	3.1203361346305063	
0.03375152353439037	1.834560179253803	2.0864885531571793	1.5179503040740148	4.271689428856698	
0.25652361445269056	0.5728956683811748	1.1073045051758996	2.132622369910292	4.841753460882379	
0.4856970286184238	0.19038430886234603	0.11666264729538178	2.3090800315050677	1.915494952927626	
0.9741884075117012	0.19282806363323157	0.7320248464925581	3.441684363925764	2.0275110275624995	
0.8070785311406982	1.572042844791509	1.6129804779623451	2.7429762728117453	1.0555233787281755	
0.6450485431807819	1.8326008988325986	2.496604145698684	3.573706702305263	0.7547029060179772	
0.45940798881491196	1.966224289076558	2.8666998198282365	2.9801951808447775	2.7513127214677464	
0.9964970488279937	0.44461270550570964	2.623824586202872	3.4885773492805194	1.7730509906155456	
0.3194220883430169	1.94113044410141	2.242826380318319	2.0845996147298784	1.6334939572132305	
0.5405623709089764	1.2415707919324275	1.2616438604206945	3.846672551068178	0.689513640763989	
0.6570973581203984	0.13613124339284344	2.1067562948135277	1.3580114786038426	0.16759664776993421	
0.020613787606273193	0.22468161442095336	1.9407002640640862	3.659043812841539	0.5267611376502823	
0.5006768286639163	1.6083241258642076	0.4902997944552817	3.2382971596115615	4.801840586579796	
0.9190059504295967	1.7520300896253076	1.4236279907650764	0.4744087909289476	1.2744904676651125	
0.7619643963165934	0.11730788522638869	0.9334186642310225	2.8848604202450927	3.441910724995543	
0.9878246136834508	0.09182119650241893	1.935139718489669	2.153309360711892	4.089316891419054	
0.9105820658896275	1.8894035850695858	1.7785536989583945	2.8019214778632553	0.13152145760050193	
0.5122975077552563	1.3865175836526238	0.26050785902877205	2.0963187635329703	0.15031046744314547	
0.6280663207832531	1.4622944648806018	1.2761926467877451	0.24477742284888881	3.2995421188826324	
0.11320859646844561	0.7895074179461756	2.471676601382313	2.541431484033423	2.596414524949861	
0.45147367430548824	0.8165942833397231	2.90914626093638	0.4804193912012851	2.9847924977090265	
0.24231458549002038	0.8136841669140193	2.1431702598656184	3.4801845033981214	3.989149651558896	
0.04801369005934519	0.30724749734189194	1.5805144191481588	2.660410023196389	1.1676710116234001	
0.9121728646100391	0.3504847715365922	0.7730222706007057	0.528306783350303	0.8119562423448323	
0.08513385872442525	1.2410578531269687	1.776583941687099	2.5945700458453884	2.812395430376824	
0.6145158626037204	0.3287346018213049	1.8192694709136843	2.415014954597796	2.165137437593053	
0.9370066136454518	1.660707621791168	0.5116208517890997	1.3607941840038977	2.5487973954072367	
0.9851010324317687	1.2660236904908726	0.16018903121581174	3.1640814601410243	0.9424711223391036	
0.2575129061515071	0.2634800504427801	1.22194814381018	3.183171335723917	1.0826512945215612	
0.09565815483031559	1.082669988936661	2.6242076757407786	0.8961506255888851	3.324736980485442	
0.22934504530789912	1.1877615217228161	1.3754454957375244	2.666475400450575	2.2809307982961275	
0.904983303539082	0.6959267477016704	1.7840033785625242	1.9805938950342288	2.7605840459721676	
0.1746778574071146	1.4161841389980065	2.415458479215149	2.360144339440984	0.21340329973214112	
0.6781790202953674	1.2656131179313976	0.14079191409678082	2.528893220381694	4.272575491997089	
0.7170594461591612	0.012658540450800171	1.184288143634196	1.8054377353911093	4.8171681094156895	
0.7111819217605765	1.4506342895106032	0.7311469370626853	2.4494503408329105	3.7820076875397217	
0.4110552670025016	1.7283171050556725	0.1876509127254199	3.5576790696534846	3.286570795639803	
0.1570511464261839	1.8515544750444106	1.7146428340125912	1.5334093322308795	4.418835565455478	
0.7586332320888084	0.60461406146939	2.05044558635006	3.2687627998344992	3.6941975529036113	
0.7938713018562682	1.303135637270223	1.7257158956622147	1.3966792339572467	1.6179898147426348	
0.7967818687312107	0.6466826650652964	1.1842440635455214	2.555903021226542	0.8591065512922436	
0.540410787761078	0.49810140030541006	0.4728631286489615	2.169564075802037	4.297097416992218	
0.14866690091929802	0.06391351295675807	1.9884550163170136	1.8833431284693094	0.2172923376346947	
0.9210578158296964	0.7888481604286162	1.3931273283895664	2.8693393805384733	0.1494791382338384	
0.24512062712602622	0.44020660498930275	0.8019412254033693	1.9432426181006255	2.149054574540519	
0.3551129567365685	1.32734311647887	2.414382469101489	0.762886997344757	1.472859560002198	
0.8101708081670151	0.8458572885030278	2.8061106534970603	0.3363615614859179	0.08908262682647716	
0.5685574273749804	0.2317308230138333	1.0757642721162506	2.390917651615312	4.161169489101441	
0.900960704403751	0.7820207058889967	0.39773502082520795	3.8479328772725117	0.32782943586559976	
0.4201443657885139	0.9350650966943315	0.201002294350626	3.820185535269753	4.590062891716264	
0.3630285587795694	1.4362190694969457	0.762422763847905	2.8251764643091004	1.9306221773632242	
0.4955074004893609	1.0392476336214862	1.8110136312455118	0.9244783991358401	1.9700582643180393	
0.3999237086310127	1.06298000678844	0.9490668333371812	1.608409956391152	2.0629393373087894	
0.0045921140428133445	1.4785528679519553	0.5035211322989153	3.049254639062738	2.8051620504121093	
0.18839110412955318	1.1918654416495618	1.6910016993968	0.6911772536980534	2.756435042213505	
0.8939368597561675	1.8410229122098165	2.3934772834813502	3.7653439155742854	0.05958270992273751	
0.8951244352652149	1.3727545929473393	1.460283250842696	1.18774362499606	4.978296210509565	
0.15933987512268755	0.3627978989819123	0.7009776282787209	2.1235323169004436	4.860483699492648	
0.5068364072315736	1.533415757828569	1.1449561677671682	1.2415489717130717	4.532348184713225	
0.33243245205840966	0.9397125984996026	0.4654472134275146	0.19401967899599892	3.161237481060378	
0.6493203222946561	0.7510868061031795	1.8926408007698088	0.659033074198855	2.953653510007352	
0.9877916888419768	0.9028001429278285	0.3743463848368256	1.1208601893737669	1.2905173553317812	
0.07038572249065334	0.5808387199877032	2.9192372051673723	3.65841362567085	3.904559069939536	
0.9792357323245316	0.5657922097304569	0.13795674446704864	1.3619245642588798	0.28296404830904787	
0.4193086938421937	0.649264353472587	1.5059522558830012	3.841055531286836	4.490937410945314	
0.8089868384645323	0.005169423119943728	0.6070542498957847	0.5937639986435772	2.472323169057409	
0.43242989896777795	0.9114347400626504	1.4525654060590667	0.12281158346792331	3.4572626448110015	
0.0766624260441523	1.3511431739199709	0.07866815403118999	3.2942087775020896	4.078536414324849	
0.6833028272833963	0.8436077287608237	0.46424457191370005	1.4527890295032209	1.1500219030382797	
0.7421786961323887	0.0495155637876159	2.2652767220511474	2.664716426050097	3.806050103295859	
0.4313473904188816	1.3863083378138306	1.741130112803098	0.8542533160332817	0.6010469804574536	
0.9118400582584749	1.042019209249735	0.7600600675406027	1.5691026382626991	0.13795099834715163	
0.5704090542104293	0.07960845358574375	2.93756956762408	1.790837430774733	0.8629881526589867	
0.926344118357349	1.4424699855967944	2.5082050479706393	2.202286129058223	4.574675420856831	
0.9059537602082143	0.7530181453619129	1.152233432149134	3.3598113545115624	2.736975492797003	
0.011685168381871724	0.6324753110285479	2.805096841441818	0.6805376847474718	1.0038941459965867	
0.07542973493456462	1.2986703197006002	0.08352212053542118	0.9822506918644978	2.9718856037400303	
0.8747959038897601	0.8911729348714241	2.8353351443615127	0.7933440444231712	3.8813827773847915	
0.21784704756737905	0.9951608166469266	1.2145289006522746	3.9927650968212856	0.8512447567126186	
0.43535760631458187	0.46018138893019467	2.838799173294918	1.2970948508515106	0.703780887345371	
0.5991168304135964	1.0874773246610927	2.2480764884178637	3.511858329434309	0.49590773841412195	
0.010334666620453903	0.851013900887202	2.609462249097863	0.04934434283254863	1.9235456126734478	
0.46629494619650436	1.4281884145696775	2.0305254074917194	2.1634830864381223	4.465882105352266	
0.1494391815366255	1.7859083810337857	2.109373770258535	2.3981757688091205	3.525657996436689	
0.5807574572976314	1.8823949324241451	2.7634886763160074	3.6394169188522687	2.054387650716128	
0.9382263742010792	1.5254780282929827	0.38441662611023286	2.3825084086889206	1.9959886937735682	
0.3285309099623196	0.6681243841029836	1.488578898335008	1.5957046787206104	0.7711242108089161	
0.8339135308759407	1.5465083906754842	1.5224322199431577	1.6654579011802997	4.189606673767648	
0.04494672783333442	0.680711320920532	2.0070582341146066	0.537725367145649	2.8348023626125536	
0.3361735971527683	1.0774849212213007	0.7991158082113938	2.5883424997184563	3.420143982798441	
0.45693688606945126	0.32244289589993524	0.6821748100627114	2.8779967960897834	3.3450646917156917	
0.852284668436099	1.515825378862843	2.4954314451573163	1.9009536471403141	0.3524907307337177	
0.6632354719489056	0.46101910388960854	2.6277916437840245	0.8819588937786427	0.042828844367804875	
0.03398072102332417	0.8203251192412528	0.5893932043882837	3.2382388593044698	0.3124122134376611	
0.5788210736609978	0.08235092237322283	0.23844098022362858	3.9537024560021696	4.402087281310716	
0.04038947323255104	0.7216331184568876	0.08429731194165146	1.8380050118758455	1.5833331561581017	
0.8943555151272061	0.4533027552277167	0.4302188834221975	2.26131160271227	4.01675821201607	
0.4748385390688382	1.4548931698570096	1.4355870079217818	0.9711486458147958	3.9972366241898856	
0.7454367264728177	0.48471823086721444	2.5811293827534323	1.1910825239480425	0.6426602486665128	
0.9586402312444235	0.39346829744862544	0.9830800398809024	2.044226637342267	2.1594197049162673	
0.8689835733676848	1.4460503931012967	1.4749478782720957	3.9446705914805973	2.879084351206389	
0.4489362471804268	0.26870960060949867	0.8173059815616552	2.0343203271841896	4.598018729272358	
0.2749252362873509	1.6343604161149488	1.6905663016374326	1.3793681766420454	0.43039436029027267	
0.23098148112361838	1.4977247443578716	0.03409175207404569	0.2616759061800078	4.807996386660772	
0.16107763577095524	1.3568696907114866	0.9183963271910435	3.2460518390903994	1.5987143643529822	
0.7490755167062465	1.7199192368312262	2.85576857370894	3.752910510013686	0.23240470091142773	
0.13722379897764225	0.21419542831599614	0.3952731160823837	0.3287642824241499	3.0805688335556285	
0.7117132990828394	1.1978507513687624	2.6964008996253126	0.1399963909516675	4.825334381280415	
0.719480725825192	1.0450177765494506	2.069669432963478	1.4348107317082963	1.5183529914212857	
0.9566984823857604	0.22698638104641788	0.2964875186528968	0.6493290012923194	0.05920282421072676	
0.007787036865188224	1.7461942436200075	0.7113731993992123	2.815690171012947	2.899100996636731	
0.44111198899418225	0.51148553286349	1.550859383155752	2.4976703895572125	1.5191365509935344	
0.9602722757887048	0.8927794964370916	1.8304087402540676	0.2833818970434545	0.4602693804033309	
0.9071045791251415	0.24073033120300358	2.8554384204292047	0.7916883316112919	0.8838884661273017	
0.22207127024740592	0.9103744959956648	1.1239840515484802	0.8563923482568603	3.9796981556132955	
0.7843127198432067	0.8379114784739559	0.8417346569702735	0.7816056366486341	4.641964226458885	
0.06481653016642053	1.449836595982484	2.186491991662818	3.31024122188103	1.2056744476930086	
0.22371895524867114	1.3881622171952637	2.0585314588994787	3.6695721760939173	3.6906495228605123	
0.7996174988338939	0.39005233255044347	0.8121016903262331	3.7469520175657776	2.7986882300377247	
0.44691331466367457	1.3512956466263188	2.0644341610390073	1.1654779297309728	3.066322104789785	
0.2504731254697865	0.34822048114301474	0.7243089804565785	0.685671098069152	0.5044879593810225	
0.06529986211280026	0.27882555527215946	2.230011058063143	2.9935988371618985	4.599268041480095	
0.03788549197772895	0.1799183052254012	2.7720591389799387	0.01984321142798251	0.03990705489271662	
0.2840822029840814	0.38608905606701716	0.22238842032049888	0.7776105937622835	3.7770336766722634	
0.4043426754926074	1.3643073963028385	2.452850022210122	2.17273882694728	1.0406386862648986	
0.31029256227936	1.9009212013565078	0.18160591532950987	3.9312034021820583	1.1881233206193746	
0.47255244622364323	1.1548891265047958	1.846161290357629	0.013698583757934202	0.23529592366828722	
0.7637924300611733	0.7051076877696947	0.7753342630542673	2.341500816494907	2.4957135268288972	
0.055812165547029724	1.5060735640792209	1.2525366225961752	1.494272065452626	4.506652314186755	
0.40527380408403324	1.300435961150348	0.34619958144551477	0.8303419655398421	0.26905232270579615	
0.4239813680959199	0.4420067584144638	2.2095599275640447	2.615090815214938	4.066621283135059	
0.9397212288426051	1.7105117718699427	0.39088836134129945	0.6570510185568748	1.0381763623438	
0.027836971989646964	1.1474413963847772	0.7585649715142158	0.8076250167579495	1.2889313807215679	
0.07945015315486303	1.8058933196842026	2.4023773517690485	0.6907697295851216	2.070359200859426	
0.38855064202135636	1.7967217587307915	1.722070854458571	0.7323345517248425	4.978122554802051	
0.3593899649226	0.05095269460314822	2.68017665415011	2.046132405722642	4.114147489824236	
0.9771399472291329	1.671913200828042	1.1905813218347374	1.6904415607819092	1.5932088199970278	
0.6973451601830707	0.056877023805977034	1.8844141452302767	0.01176848608558867	3.8166678056189034	
0.9447115221835689	1.8714078367307923	0.16662543810972064	2.939957077749445	1.2793934453781142	
0.7745957511901126	0.04959542495219571	1.6544249648969873	2.233847683213555	3.319060854723487	
0.20134639819324107	1.3290554197023423	0.4457765042212729	3.742412501982763	2.1899553401295324	
0.8960832936060692	1.138849823069844	2.0250332435139575	3.4730588092415564	2.460827394446856	
0.15616998373043278	1.4071778929118937	0.8496130364683868	2.998130030215899	0.8734996903456155	
0.18246362402271465	1.1676346293662088	2.598853141598707	0.11255792025139444	4.908716259825393	
0.8420019160724392	1.2084471947915594	1.4626548131640078	2.6640279126281468	1.68940929175866	
0.18238018852221216	1.5843825537094194	0.3701490119757931	3.775384595356719	0.9082796380076935	
0.024216186038214516	1.4300298508137208	0.8460981992797498	2.652252514494873	2.99248039034216	
0.9933048886632223	0.29203279199052945	0.5827741448145315	2.8324834319118914	0.344118335024689	
0.500382212559934	0.30347883259944375	2.0257039581978864	2.035168247302307	2.2855950414850525	
0.2786419830024741	1.511567840121669	1.3932424502435103	2.6603453437797118	0.05111795820910925	
0.45136722146848607	0.5981316588552477	0.9182027778560913	3.750899361694514	2.284681336780849	
0.8454487173985445	0.29056359859540004	0.6778539229698033	2.7877401252110436	1.8973423969032437	
0.16577862833812318	1.6654806986504815	1.6550044630839573	1.1986276123471686	3.7654023894388806	
0.9785180009897173	0.2581088840714407	1.837911566196341	2.2781457114387456	3.807650979566227	
0.6585649168785166	1.9698054772829772	2.556335833042393	1.0357489627855205	4.6443945381627625	
0.38971763306189977	1.966190398929259	0.04158249594938812	0.4804579871055421	1.2375583361968663	
0.33035495575061047	0.18947431758620414	1.3289049393984995	2.0944864330905295	0.6985488953780061	
0.3695096387582554	1.4374664226975138	2.3746815011696487	2.038481900029905	4.362858674214007	
0.14066385064359188	1.5781148797912459	2.992021292447263	2.8585440538271305	2.8739352546158594	
0.04151706758714946	0.7817173706578853	0.7023496291926717	1.1763140099668479	0.01505152038609292	
0.5338863776849357	1.4904557608883406	2.6409892904653143	2.3564126525180904	4.060064185322075	
0.816928329569217	0.06723114231437455	1.1044804578627034	1.2430982910653956	2.853742969689381	
0.5097357451428339	1.2880248145882915	1.0368017988199432	0.04582907088494759	0.9758235700099932	
0.6035419841708393	0.05679106728736416	0.4081271717207724	1.1456239760069034	3.9066390837425895	
0.5542511602758188	1.4551588951082832	0.6732290752882655	0.4137622667364651	2.418377162799664	
0.9397751603343647	0.010528304074668426	2.726026992589704	3.0118924387649497	2.123521576093382	
0.3980237984946827	0.047985642227102776	2.6613105706735705	3.585949210890055	1.4219009916272662	
0.8767144839756857	0.06778224939559707	0.34856628118687827	2.077331017652568	4.019848014368305	
0.6865373851594682	1.5124566939417032	2.0980522355492957	3.457579698248942	0.4110738115212126	
0.46538106076119845	1.2567461492737715	0.4823947048017463	0.7207098683749944	4.730458955005008	
0.35501751186399333	0.5113638110972647	1.6732842617216077	0.606771882706052	1.368426757651802	
0.05377488530238539	0.7047828036850186	0.948274216761366	1.0858305634175505	1.5669378350595338	
0.1460295858574604	0.3767149636759832	1.5195459371377482	0.270275326598568	3.180472320270878	
0.651497074855767	0.9508642325143954	0.1567386071580289	2.4946412714833164	1.469078846558118	
0.4327895837055201	1.2360595232088918	0.16574251299603926	0.7763851396409738	1.8476114853707815	
0.9164767036279017	0.169323755078286	1.241883070329477	2.3874199298326504	1.9256590249320849	
0.7625263084440381	1.5778779073117566	2.9413791326248684	3.7015861781783803	4.460110312068632	
0.19025364757727814	1.0795194274247646	1.2853125038703777	3.164563792840573	4.562490278006338	
0.8908194095574574	0.7113857291366994	2.0422949572734264	2.625294105295706	1.3982996004549402	
0.5723938664428527	0.11228307597152498	2.645025350538287	3.3212108347498583	1.1179711467648827	
0.2506959285005903	1.8443580369240697	0.394821562188752	0.05444288357875138	3.1068493572142275	
0.8903582587080455	0.9441956348480893	0.9499430242511837	2.062394845804616	2.128407799137864	
0.8531927231768475	1.0124542808265922	2.641087415488516	0.03330528531946886	2.477605269199951	
0.20299131807491066	1.8288261631806741	2.916063128939636	1.4630075019228617	0.0017360439014879603	
0.6058791129440049	1.0986203766646983	2.4711380718157034	2.7638682673119077	3.555722071284051	
0.5228126381394507	0.1189676960793995	1.882728446129836	3.6247930268924917	2.481218658744371	
0.7118581570265289	1.4073800898863968	1.5705050293669591	1.3522186377856955	4.103008164041774	
0.3190054889928109	0.28103112296265786	2.3288084747299997	2.555082896772698	4.201301466723877	
0.9870473251892398	1.098533334908187	2.90369629179709	3.3185399041542967	1.9252509086921576	
0.846822178140367	0.9207236856870724	1.5863024165522714	0.6645315325319334	4.753559492689351	
0.9022324329314677	1.0839096116775078	2.600742686223309	1.151613456384994	1.988613650300985	
0.7506145854765076	1.0514351203613603	0.5684555392908024	3.3307158040733644	2.2436018075516233	
0.07281189548910871	0.8860854900443427	1.1727728741049093	0.22529403862216624	3.3393882878168233	
0.3978488631385486	0.45339684310208006	0.022069501927355573	0.9505302982505275	1.9387359298652906	
0.20125576189271344	0.5036541751589121	2.539104804452412	0.06846791136526997	3.4707531010929142	
0.6991994784493667	1.3057924777446643	0.017659669682346557	2.5490389067690984	2.9259850253741444	
0.07777709711111369	0.49466957336331907	1.744130909905222	3.3411144726318973	4.259393498174686	
0.801277937233072	0.6579971980595463	2.0897633209558606	3.9824994697504894	2.7376331725201113	
0.4925648106717617	0.11805797638590976	0.26391658921620864	2.2769439443970603	0.702082419132305	
0.6188816237185304	0.8634511841439074	0.40147483114853344	3.363155163254764	4.7815634916759455	
0.5944218960961338	1.6420352637432545	1.2690827058877046	3.799968113363712	4.267628064331235	
0.8198557055104652	0.07176890640348632	2.534551241063757	0.4831419347532009	0.8864399044037918	
0.7472831019386292	0.7925045795666419	2.067253774746053	2.4666646881019956	2.372731243555162	
0.3799322009872632	1.21474666422038	1.4302614196925032	0.8812998638651308	4.775390599053014	
0.9223115181279239	1.7942520395581822	1.675518450669652	3.0608391153144994	4.466780068342454	
0.768146058878483	0.9156669796808292	0.6029461215566084	1.162305682576085	3.3128382967187524	
0.41735399385988714	1.318451056580865	2.4886976432553007	3.361139341118065	2.201466795838907	
0.8878080316337443	1.2602842866026263	1.1558508877279219	0.39024169385074803	3.878594749692457	
0.7257999008063232	1.6000530695963522	0.6551577238237197	1.9389393934593215	2.8936203214471323	
0.32601491702791496	1.2690277754711219	0.7115383015724566	2.080678365870618	0.182523606234114	
0.1498635361892866	1.9898239095120835	0.8874832700944433	2.6512993226637995	2.527005216001882	
0.1220751573826393	0.5328514605261632	1.367716398031009	1.5454503302575717	4.348687531057536	
0.9760344846283717	0.8899870931398395	0.5873769700062939	3.2635814544273223	1.151748022503627	
0.18819243302785604	1.9759820908614476	1.3255157620609737	3.5561340790085327	3.1029854786488746	
0.9530004090783798	0.8970215082520538	1.0592793308963677	1.2794546094988477	3.4197889621671296	
0.33075717823409934	1.414413662670709	0.7929692340496626	1.8966437596540433	0.40477331350805557	
0.3216803833610087	0.9498790177180898	1.0150213794623117	1.7408867172710711	2.1560463055389762	
0.4188503016049866	1.4251439147598486	2.845048545297743	2.7883442027093905	0.7616287688930129	
0.2712918126567181	1.3637096049437876	0.2923074064873269	0.5942608931876383	1.6690720393427094	
0.40079761424799476	1.4896231837128586	0.4028684691704779	0.10831685605446006	0.19057441998687086	
0.6740303553725344	1.3292412837554302	1.5387215169145367	0.4788468454924777	2.7127138335679755	
0.2981346497264148	0.9166991146223542	1.7077980457097164	0.8259165940133935	4.040911844248776	
0.6432328538311314	0.7851839610591036	1.3929099509358205	0.03014758924094707	0.2829437539785573	
0.7975321782259722	0.6942640794675099	1.224923040584717	1.5100635802252018	1.470983883464481	
0.14047361922830903	1.950342584041249	1.6985604396182765	0.2781296719458659	1.5633279947456302	
0.5785263624096594	1.9541192988840592	2.065880545775565	3.992455979788683	2.2878318328290197	
0.16818876659004112	1.6515586002694007	0.9900151295320607	1.3036813796362772	4.99906605204914	
0.49431731867602824	1.853367057864878	0.4346890824643609	1.3091476829626285	4.308125825124852	
0.41675567816043724	0.07085360178789113	0.4223866890458189	0.4477278787109862	4.903348743549266	
0.020500664895024556	1.3122372948229983	0.252052146688313	2.9364364148995192	3.4685747240231395	
0.5095615473045745	0.050548368126202226	1.1207972556029155	1.5659858165288552	0.5635926777348838	
0.9044515877549875	1.5095495488254829	0.8183798789944001	3.1741427291542563	2.1581495350347413	
0.4254023867274943	1.6278023331045597	2.377649719712278	2.4745639364364487	1.6765907436404115	
0.427909652702938	0.43990627280420025	2.711379010682262	0.13302713758032958	3.912875819811132	
0.6658342272235124	1.199867084444942	2.6717105350458628	2.5328664999170596	0.24478547460304922	
0.156511866832708	0.5366351238894278	2.4755615011385945	3.773006358665802	3.748151299072973	
0.34238098113262827	1.0585091385068153	1.752144070934027	2.56327292653592	1.4897150871353604	
0.03687568630300908	0.5657032692970134	0.9228004212970948	3.875645023184292	1.1412494399133015	
0.854435800202869	0.7722843703568116	1.7549311622356316	0.9527486549696373	1.6769613077394436	
0.3554659949416221	1.425720304692802	2.793090499790617	3.4377418790092373	1.791103376879593	
0.6630555464927685	1.2320221724041212	0.708909135692584	2.363357942380882	0.19789509173787245	
0.28719531604533477	1.2952598945742546	2.6376160653716765	3.55594576737141	4.2722013885768835	
0.7835542744582518	0.5223161068231834	2.978867643565528	0.5114432732248346	3.6172732610808085	
0.24284902083643478	0.41832775316830895	1.029981295915575	2.638825619203416	3.798727356317274	
0.045850449433816776	1.690550508880839	1.9301816553087132	1.0310072390434133	4.383745992460043	
0.9449548016753525	0.9853147154167547	0.09851928112573183	3.960859377159543	0.19719368824271166	
0.5429630290511888	0.7019765495402408	0.5422251744672887	2.9478379891661155	4.155225865061376	
0.5806580771671016	1.0037928976971364	2.807058766379768	3.820178897969635	1.4927060655729774	
0.7062736680465491	0.8063463969419558	1.4412439486346984	0.7227925566039604	2.1605085997312665	
0.36392910117975186	0.6145870404443405	0.09562919343967613	1.708597369013718	0.04333360982861523	
0.18161228755933512	1.093394004683844	0.926326949988102	3.330806797268347	1.8866596221062952	
0.28566735017677247	0.13610788328039392	2.92344325795165	2.398772208093909	0.23242009912444683	
0.731971032141677	0.46817341271266555	1.4786172278471832	1.1685127628531098	4.4952296112492744	
0.8270122901119416	0.9332027768515307	0.6630755156111775	2.7259276065939995	4.294790756840456	
0.08546759290770989	1.0038237034498658	2.4288322290043602	3.181933398249311	0.6635471511189384	
0.802276530291818	1.5153227972174557	2.57834359556346	0.4833705955629828	1.2054257771362298	
0.31447677349268544	1.2566591274499788	0.933900881264644	0.6784500145061036	2.6556282262409066	
0.9223070924618584	1.9908381016321386	0.227178259356267	0.030028359173301933	0.25143520441138933	
0.8777640510646293	0.9285316114680637	2.1860725773758096	2.5979123037855505	1.8905415314819223	
0.41912470719265704	1.5406903812479373	1.96447416238155	3.2443085219397747	3.06448657639025	
0.3078543318091277	1.3040755723085862	1.6536034823933692	0.7728629441968713	3.9476429514019014	
0.4743955270511808	1.5146730102319785	1.5365814115436651	1.7053205923427024	3.8179922317271253	
0.44976884232843994	1.8741746537789896	2.8106514130588143	2.160734014092808	1.7113235466428611	
0.909376021011586	1.7650061160905486	0.7991277076585142	1.5771644337856485	1.744487876913281	
0.52847239428178	0.33998230142722674	0.3074603910264311	1.2381652970249388	3.463932289663222	
0.007571127819407164	1.350127785255861	2.6986104866806317	2.3095630365162823	1.1077303245258414	
0.003997835894394397	1.7338700289924847	1.14535809613972	1.3618231042222435	3.298128707347126	
0.3033385759763957	0.39880346970900815	1.8877548961704846	2.6373523405969514	1.724648010871248	
0.5399423970669777	1.6227242427172477	1.3422554404716167	1.9119079849254712	0.9515620714747836	
0.2747446890975215	0.12647753534670803	0.521739188507767	0.9098780519075245	4.818442282830993	
0.7109530027896355	0.4447396108573012	1.123347120367316	1.4907633522173747	2.0305438120001096	
0.8289020126849621	0.9353083086193383	2.5294701891048708	3.3178324294189654	1.4159130232485668	
0.15971586631296175	0.9457851033294913	0.6122253747466337	1.2582747109164636	2.360760544729375	
0.4593518354556503	0.3001480147729261	0.09683441193413223	3.9020103867446028	0.027674753131674	
0.26281166700489145	0.7637794500183781	2.0798808086159757	2.0313727235802594	0.17219628728562808	
0.9962477903751946	0.3098303650674341	0.35556358766137053	1.0870850571653663	1.2202989659497758	
0.5970209523789343	1.8274382605732686	2.2822038953218904	1.778264999846329	2.8581946722035463	
0.901813211165565	1.1730538595286837	0.8441433826132854	3.2760377279355475	2.242378394857073	
0.4910292377648532	0.16107600319696846	0.21227725038697587	1.202370302609995	1.2230646532247387	
0.3280795425086954	1.8542369180843807	1.9465841632443353	3.3002997104982463	3.9133380071657573	
0.10212395307585398	1.5563240337984037	0.5973131945936648	2.1942817149300313	0.9448148069727824	
0.9216721918362148	1.1577320074463293	0.7459545073427771	1.813788776469759	4.147557361488813	
0.43809750364824973	0.023067847027458566	1.5502115804313998	3.0511763589363623	4.41506788514615	
0.6097479862389996	0.22618267604937725	0.7679205173235851	1.5799473058480036	2.7989810552726127	
0.6293356495748237	1.5341601724312228	0.6319567528313601	3.432507918216514	1.5767722891091351	
0.9910882188868129	1.8780884401607918	2.8526971658402065	0.8804811776493384	2.7797421057355516	
0.32864520198938485	0.012618706353050957	1.336693025840594	2.2300131576008253	1.173576268598226	
0.759048612114814	1.368925237028905	2.1471191751078473	3.798346533549974	1.275470872314679	
0.9861368409518164	1.7055884349518529	2.0768482638710886	3.227732759994394	4.7035410822754855	
0.49699439791074795	0.41206662603992195	2.780691241776039	3.5629116340399283	2.984510129806981	
0.9965375415669068	0.08804943716767122	1.6596722272097826	2.753696843443304	1.7439376838449838	
0.8789011588935794	0.019459967747943008	2.609924730033588	2.270851222291325	3.458764006028638	
0.6892754115429756	1.0971469800920288	1.1358188006145649	3.5712242057005152	2.663993611766842	
0.3390011919032425	1.3489978443213335	0.8975595710728883	3.1655053159155684	3.7406167937177575	
0.9455508445693007	0.22079340628033117	2.3830651123054922	1.11867423043693	3.1323221755894117	
0.71545890999562	1.613771911488978	1.522481444327961	1.8485361724678593	0.09186974104595402	
0.6447600167954026	0.29391070400506814	1.0292326420678068	1.4513797211241828	2.306089427940274	
0.5554064719632942	1.5801629879581727	1.9322316158200836	2.304784952445515	2.6819956338831736	
0.7136245940659988	1.8650387591101152	2.5279394519760556	0.6559547856344055	2.952020229995017	
0.06562432104408622	1.3761566086686354	1.570637267919189	3.394462039077874	1.1262743747770116	
0.4470167000279479	0.6066407047910063	1.6999292020696046	0.5623679771501213	1.5933450020919109	
0.4458011213924725	0.26641796605989754	0.18019546020434007	2.7855963762364713	3.6347170117789895	
0.4700808203933283	0.7945090453695076	1.3879814382305322	2.530300892962194	0.7791113932210592	
0.14239577192492603	0.6232807013824684	0.07458834617487187	3.8682661541172925	1.3055863043799176	
0.33002651051853116	0.7998431627686844	2.0732112279609423	2.467323885596764	3.4933849013564204	
0.3098210213563516	0.6134830334885084	2.3153305916288596	1.8710296774194086	4.312368657055636	
0.06122425684050592	0.08063298528906504	1.4696338495828634	3.2436021126386114	2.82378750032432	
0.3079528360927709	1.7919778809906082	1.3486783542725043	3.519972738012373	0.45336337649314384	
0.9882797909149682	1.3388748129189034	2.459068624432977	3.219912662987006	3.5857902104023114	
0.7093850216354353	1.3305259336806112	2.105807333757924	0.2980808461294169	4.628023289227465	
0.20933421793162632	0.05191628305008966	2.853903788099652	0.4297540911927893	1.916254700214683	
0.3460327628529857	1.1321604744918696	1.9588280327375094	1.526446390808732	3.293204524787783	
0.563576139818633	1.9407648102169444	2.587609011196222	2.370972850067074	3.2911394845255266	
0.6378663235524211	1.6385046185767018	1.4581204941217494	2.3068826123522688	2.4154178771376134	
0.4504050965601115	0.05497632815069253	0.4618048717087355	3.065104364650449	4.2011505446838004	
0.2038060037975269	1.2100311575116127	1.0741149657009894	3.595597597101875	0.5465819762032265	
0.772153616879772	0.6707980033941925	0.309873819661173	1.625828875631933	1.9831605713176648	
0.005456792798020693	0.7007717393262063	0.6039334359197314	2.230033380226477	4.305501784537587	
0.061921386687442626	1.9236608145054785	0.4891944147492252	2.879603868313178	4.549483861677338	
0.2502341693718567	0.27661271394334097	0.7329750690579124	0.38935360273881825	0.31514136888734334	
0.8892661446966155	0.8555095682707607	1.1032518084912564	2.6076626903300806	2.946226825532508	
0.9782631757428284	0.15560305573636857	1.1575851059875646	1.7366452722805796	3.386692570846889	
0.162223136503586	1.051204689472635	1.7279132007359643	0.9026312887312145	1.7628660033289583	
0.3199076420046766	1.9112998261946514	0.806705481541658	0.1610066017044507	3.5062870106592547	
0.5114790174826521	1.5877357021790077	0.6790081188284117	3.5491607954067956	3.1296760534971395	
0.7150715722463068	1.2402362063656653	2.5827540016227033	2.763558322872118	2.914258679032113	
0.06926343694936976	1.7201460597192273	1.1076108922292638	3.5105561784736716	2.315057825053622	
0.16492813349259916	0.3833571378705962	1.1992279982787446	2.4720816505579846	0.3665132373020058	
0.24029127253918048	0.052264026123543195	1.9708489707297576	3.965378840593554	1.4358276268806707	
0.019998083130565503	0.4378978293151521	1.8435998694593652	3.1662623508920085	1.8661059954877923	
0.7937052932366014	0.4245482490079584	1.0088081602699013	0.6317252246962597	0.2759661635741134	
0.5393899200294249	0.11671872651305915	0.9740436077929903	2.3676823270082568	1.639056936649268	
0.6960714219772087	1.8299516447393136	1.728043352172289	3.486630354658453	1.8465641455930055	
0.9701973119424896	0.39340709541171437	1.1752772656653372	1.7263584505984606	1.8783729833358414	
0.1434470366020526	1.6734584698803547	1.2930949956824187	2.944881977086441	3.0335064408989827	
0.03500075960537752	0.2340868167405774	2.582412143554323	0.7942799777883796	4.680637831576539	
0.21000224938268364	0.10308408672063485	0.0026477563047810904	0.3030479654829028	3.293811102997374	
0.700759320103684	0.05747774979707487	0.08859868492322676	0.7323419367649469	3.918992202455362	
0.061593803321804974	0.6220452940713337	1.9950016573963882	1.3131042018024681	3.9654087108151437	
0.3258594255944123	0.4883271545465975	1.3703765498793214	2.2215411769159705	2.415685083483784	
0.1705126442916285	1.5789722230596903	2.511124214017181	0.5395244970757904	0.9236208718870192	
0.25054549145182303	1.2397672130189814	1.277398678668522	2.6139599620222027	4.64753029606632	
0.2346331528836052	0.06526598113780624	2.3694274729492086	1.780591060532072	2.860517687783695	
0.438130725399815	1.3864189229556998	1.0192845248699363	1.6259460858524988	3.513377997665166	
0.7136564533828293	0.2589551498088849	2.9700545130611715	3.3510434404496987	4.604605040814996	
0.054496884308601556	0.023926071123585135	1.260711855273883	1.0055454083517614	1.4487803567451019	
0.13463704325279835	0.5767648194218733	0.37506230410143204	3.3444644518646465	4.33530382603707	
0.21674919188149444	0.4248638822970119	1.1026752985502832	3.9227954800799343	2.5999393203008774	
0.37440852575493666	0.1943702651553485	1.8316326794433748	0.6811818819441586	2.06528247288876	
0.9845811882688218	1.8615148573359475	2.415967842152711	2.190605257991713	1.9086993155319965	
0.400924176292095	1.98779920294722	1.561227637913933	2.62136463344742	0.4532121631578401	
0.1293629316777397	1.561141066786548	2.3379211660979045	2.7979847594234966	3.944727592609612	
0.9903642605067502	1.2509582684712068	0.4560096657689383	3.1807039807674933	1.0683208204645067	
0.891928325008022	1.8186808435889719	0.5582680324302725	1.2050872131070034	4.999310861368985	
0.8021666352631479	0.17884480643148337	1.4956030938668863	2.5952058099056665	0.014358746874594819	
0.005856884930229955	0.378778032935998	2.0251030606794655	3.162742406129438	2.4214155952640763	
0.45018710805711326	1.236330603299257	2.488045448006653	3.428267891258052	3.3484789414716465	
0.26647408946379814	0.4033845115708441	1.5513988471938025	0.18272562214862065	4.402447853917132	
0.9267226157799409	0.33311549056922884	0.8224033762222501	2.3261783320577694	1.9890577703952095	
0.845904530436822	0.26876930690242595	0.8948345518302376	2.5700133698435783	1.437342668129658	
0.5689998042836514	1.1855690858386387	1.0345043825570128	0.021204758584167482	0.877646312337691	
0.35275948507447297	0.6640566951989479	1.9296304054114333	3.048475031811192	2.97979749962874	
0.2610615025650871	0.710152686394206	2.2905956515226915	2.3030155607012635	4.602949720352745	
0.026610803154613283	1.5221458748572247	0.18728534373439754	1.5095835859165416	3.8319685496715197	
0.8960123622034272	1.1431134390532232	1.6387910721373216	0.014955494179091477	2.599260758717002	
0.48516299319470146	1.2283168285788453	2.5557527287095185	0.6015270646891557	1.2940946422448352	
0.03378157617077748	0.7724781115885659	0.8544572931306232	2.124007587205315	0.2897903285972836	
0.3532814673693382	1.5452734422652212	0.6332922765576499	2.7228949560849687	1.0573995320803204	
0.00328720350460876	0.8736749693974961	0.9981702250882152	0.8310481406967849	2.875757170679076	
0.2525048820061103	1.762032878977541	0.6334560096881979	2.872901670619355	1.7947232694463349	
0.3140382217010559	0.5883947932261866	1.3016373361161386	3.4337457822654267	0.42232398579761743	
0.10091566421098652	1.3554257186314038	1.0430573699208119	1.4200193572540591	0.5895990729179168	
0.5504169559809913	1.95130677946455	2.9864747197810204	2.3712088529374427	3.7006543767130977	
0.9461601183531092	0.4214758199792088	1.3333040122788802	3.8221534830439783	2.596638292648054	
0.16914290759777661	0.8840358326372972	2.7953278089930533	0.8598970493638101	4.722713056001476	
0.4268358420272277	1.1195806108058748	1.1376007715716123	2.2013655526392064	1.5018623521823167	
0.039960451658383245	0.2642358873994042	0.299689779530812	1.0290670738080023	4.875467037208651	
0.8211498934153935	1.9793852305300832	1.8900984353347023	3.447044243059195	1.7380021336219265	
0.34150774402930184	0.3021078869562399	2.4464135909646054	2.0036390470889955	2.687484071955656	
0.5284100925733332	1.469526313249805	1.107416851694276	2.470982570043006	1.4394640137592096	
0.06458964589992011	1.7206855442449631	0.9014024525942547	2.5790019737358185	3.1995884683113958	
0.9423754112972166	1.3132601612311172	1.4848825383487738	0.25920842554103896	1.5151768222590283	
0.2932604857448453	1.9845202243964932	1.4191913747632647	3.037585773174821	3.1390666106626055	
0.5178694542445298	1.8139972206238457	0.5295845930322957	0.620547879254413	1.660661601029498	
0.7796421642234374	0.20552759524080444	0.7590475822924482	0.6700871204968579	1.3361704566541603	
0.468774842398727	1.0981558030756806	1.1062487999626476	2.327284172794335	4.059809233988551	
0.8224431190788714	0.19696758647972068	0.6359545212913792	0.9360825872728817	1.9264110539271702	
0.7881237829516675	0.28642029030944816	1.5135454616914619	0.5325359996117904	4.920177910273614	
0.5343560088725086	0.5866112841527593	2.812820404778856	2.1406909223309243	3.5336388563879	
0.3545363115979461	1.0577470970228775	2.443720961073637	3.419374289752194	1.871187530078247	
0.527025490406521	1.0417516154588313	1.7387669038703724	2.271221808535467	2.312026443799125	
0.8239187006720776	0.4740644000311913	1.3049368817042455	3.04182001810385	4.757939157323989	
0.7447014276768752	1.9612181269301414	0.9070560889863845	1.3204723110531766	0.01714727056664922	
0.00460393389258662	1.1940111296249758	0.00837676356629058	2.9654895988435275	1.9036326363184408	
0.0023245518554638744	1.4701989439398742	1.1796766904049905	3.4254611852748766	1.1883134136105729	
0.5703666390543112	0.4610690906920436	1.769449203898	1.6541993238378976	4.899865162961366	
0.866561809856862	0.49343206940112383	2.3731936384525363	1.8540211046378907	2.567307399100291	
0.5753514386962724	0.8736439808874872	2.061990892390683	0.7895210647949393	1.1362056535514553	
0.9320698132842355	0.35502024695748147	1.6422785753039404	1.1386903684873295	0.7308379936674309	
0.9247498441545463	1.0381229812452377	0.45881613675235444	0.7573836462585835	4.915405384936931	
0.5552336648744166	1.4225056673657488	0.9310680470228142	1.8932502198609558	3.836236942891638	
0.8759594592369891	0.5396566861286158	0.6755360600077893	1.6769400606148905	2.087685478599801	
0.49428765905706196	1.2079174697522652	2.9188666581143767	1.3610693278425874	4.621036011598584	
0.3936661546067911	1.005949810863543	2.636047292221358	3.388772830702336	4.289583320050838	
0.9199332277626342	1.4877735701405352	1.431426202761426	0.42544457947103975	3.285457581543816	
0.8685529451582924	1.7439185443578866	0.6741596120671046	2.9852036552225414	1.9233823239919974	
0.3130469247943728	0.7951958591048163	2.0653226439265384	3.357936703625474	3.385393484481561	
0.8212295884345552	0.8107660253625408	2.7475825976771273	1.7928974902804597	2.3740249610314446	
0.5197187564415175	1.2911348846928767	0.023579806232308043	3.6260160240140653	3.6710880908677717	
0.617575030094226	0.92238859702846	2.194227209081765	3.342080439604408	1.8193498321069073	
0.4339997277610653	1.6799306834721162	2.745893756573246	3.0868034878297768	3.274999405116843	
0.9585744238884119	1.9122387811074137	2.2751434210574253	0.4058744140802575	0.7426467902430434	
0.45006027727913955	0.029946682037842676	0.27010429167637817	1.3685697731480535	3.125069240560048	
0.44453875178009405	1.883031779394273	1.244472510396541	0.18640553693583062	3.0253274025959516	
0.25773860043152885	0.7727540392275645	2.4947743406924534	1.3796515503707694	2.7337629652559814	
0.6602601117497787	1.2299973960124375	2.7754998207850403	3.1700628039217595	4.865256645430284	
0.6433568004342182	1.8412745654199145	1.5886965015323586	1.2365232047113235	4.366040228704909	
0.9319076451530528	1.624981769775564	1.7239341195358828	1.5501226823834648	0.7046563132843509	
0.5806835700650314	0.9516643152410176	2.1868104021277195	1.454184008190806	2.2057178772182366	
0.2940317463555151	1.051421341914345	2.4669310315672495	3.7036698804430213	3.958424384502164	
0.12393628377520183	1.1376061741847037	0.9027133599461639	1.621887202003934	4.451070465657168	
0.05475522072483807	0.6267158465858966	1.0164697654911379	3.573549730218646	4.9607478270318115	
0.7269450687369496	0.23012440591520122	1.0709175676628677	1.0331890124593701	0.935674790805846	
0.5909492186266007	0.41371504912575885	1.061332435183927	2.4759309116595873	2.1248615111824467	
0.9919327703108242	0.670202255825681	1.4458694621963564	2.6956846454370975	4.252302608966262	
0.5194463506958669	0.04953480455057857	0.01807844798154512	2.33936387500539	2.0020107733708232	
0.5899784186641662	1.3838485744344031	1.5119907660601068	2.851114505652767	2.865120202973623	
0.13685549507563677	1.5899675635207833	1.6479963117905279	2.515719730572709	2.191130272749937	
0.9349682137226092	0.5520506651279222	1.870889294729134	2.3737131222239727	4.730837336257959	
0.8554057228121801	1.1712952200941016	0.5037618276699466	0.9121356540763963	3.806380047487257	
0.7866827436846816	1.894377813064586	2.969415166910694	2.3290456491343186	2.87237082973111	
0.02801774143258673	1.0490778146603028	1.0924382344644548	3.7971164755421243	0.4810918468915282	
0.2169053178949002	0.6617588942259309	0.7062045862144537	0.5987595736128486	4.2153905305818125	
0.4510428917674264	1.9944101038951347	2.806569012964185	1.4400355597501706	2.2840651397314145	
0.7712038187889891	0.3920303086380419	1.4514713979132114	2.6452599238590415	4.732262125961481	
0.5707262306334345	0.8703722187744125	1.218657459387713	1.2411350840609159	1.3762808538241327	
0.22834483473436096	1.556354335180718	0.642335707089537	3.366218920959346	0.14283213531933847	
0.23624509247617032	0.41693800239380585	2.0937258288767664	1.0513368521222692	4.764950914178876	
0.48343433660389135	1.9947133375668578	1.3968395139160927	0.7018905846518457	2.2262569655542865	
0.48323645335229515	0.9934230149913277	2.4361791643316737	3.5103925491718453	4.492267828823457	
0.4212974241064129	0.36361487199143605	2.4508095390136457	3.912186835011126	1.0858061967436639	
0.2116006582951756	0.3007281882728947	1.8303111876452864	1.9847504226916213	3.544681352833032	
0.5847194541240633	0.19181766069922745	2.1452052332784923	0.2578352862866291	3.798606497513444	
0.43459623508220124	1.8068323970679914	1.3618680419879752	3.6632008041043886	2.5717222623582368	
0.9644698159731784	1.340815140874223	1.7539381571025685	1.7228495831541486	2.96991391643441	
0.1064848501499438	0.44031928629426664	1.6915936124020807	2.9153114026530256	2.3968508435505105	
0.06954834181003233	0.7326186545879665	1.935697431888454	1.3106981949903553	3.1008159120357486	
0.3151334471134156	1.1546535638242579	1.8891342419758268	3.2583193425787833	1.0223577144188085	
0.8861321665951132	0.3237471531516143	1.6614809280556422	3.1635531318239893	2.7468470646497423	
0.8706037295895602	0.985070869626643	0.6999790606083153	2.999447861107604	0.1736804763044203	
0.12284084471076673	1.3052822950415999	0.5193162629444316	0.33791293154400925	1.8337276966713607	
0.5701002792790693	1.7193671303274882	0.3859959449230682	0.12213792203867202	4.952914840831211	
0.15309873390390483	1.8008477253998965	2.8445632482660805	3.8372488825558526	2.2127342986281935	
0.9527553805803337	0.24957054647232702	0.14923275812071957	0.595805839718015	3.896361824337155	
0.5359982584621016	0.9705519181854931	1.3584059118687803	1.4342558866848747	0.7559423770780188	
0.4410731817695146	0.05964875957405025	1.1984950303929405	0.7756552876985565	3.6953635069100716	
0.30369997371753865	1.7392123411447977	1.9934182361128214	2.7464040573864543	3.9847527192300767	
0.4753789123331157	0.0314635640897416	1.0404458498436477	3.407585065179324	4.4794798644519815	
0.4988975156988499	0.9425564538168676	0.956534406786712	3.697617401426899	2.6057613316250094	
0.6638935634579316	0.786158207483671	1.5461522113397785	0.4154796514469399	4.395454737392202	
0.7075186154876792	0.35673032961916973	0.31134496078094	2.061564177132072	3.952601260689671	
0.6787143235664927	0.4277353409906721	1.3049287143911328	2.293811945343915	3.9680951078086295	
0.39147091754080976	0.6159444349892209	0.5661558403236503	0.7314729980968377	0.3991751930355225	
0.35394982633627314	0.8847163282961674	2.5140010138129023	3.9875895186185244	3.0695276599122985	
0.49956514771779237	0.885990483610692	0.4108565826125954	1.6811356765803374	3.459951130856813	
0.427971711201624	1.3189992383228721	2.8739188277523873	2.8707875373715823	4.36304249645205	
0.35030700780772805	0.5684883118350812	1.5881085479318489	1.7161615206905618	1.3207364968924655	
0.49668588530582647	0.2878933326471871	0.5149128525746038	2.095675550975794	3.9547727212821475	
0.6016430755721927	1.7428393740906833	0.3846346646868649	0.36175986076673894	1.7392256694498187	
0.6493616212939353	1.2739368885973552	1.8054821996436532	0.7397673739701935	3.530116520898154	
0.1279310415258994	0.025482503355390485	1.565294483707092	2.8326550812068265	4.679548699699901	
0.7638964404250352	0.17614724982605234	2.274959286985595	1.9324572134507028	2.5941702997576064	
0.7093803724650136	0.6457674740667323	0.10979708203654803	1.3095990680047938	3.5227472869633636	
0.333660597075069	1.0184394579449734	0.33318240899556717	0.30831511366082553	2.268760532565338	
0.862771184270977	1.8205840233393873	1.1481788400053832	3.193997502016664	0.6785590273140357	
0.37263970261905965	0.13655983172637431	2.8794035317429203	2.3169560252290027	4.1625267922775375	
0.06498403109741668	0.45099054175736364	1.131369567515645	1.608775817093988	1.9013135207636989	
0.6162343685651798	1.65916584522749	1.5725348640168508	0.35565861430739254	4.507905397822972	
0.6029249711989905	0.6203855716592692	2.5485810112189844	0.17079702316646683	4.940940963080313	
0.7092177797859106	0.9339397099173066	2.422808676368859	2.7128061739742084	3.559490559426275	
0.01712222092774851	1.6262252369670251	0.6270152867543889	0.9659932485905061	3.611362430425607	
0.46381794802598986	0.5534752128314748	2.984202749124581	0.5638150434532192	4.72451529357752	
0.06665634119950792	1.0595226508030087	1.867804295624388	3.401925060153549	2.511295548489549	
0.5409587702827245	0.33333708623989744	1.5912458763702233	1.1321818329206623	0.6479613732070316	
0.42541432698290726	1.8582462875321535	1.2854598713731318	0.13537641946628032	4.912192028482708	
0.02654872638799144	0.702732379836551	0.6472993609470301	3.95166682614203	4.605952109952326	
0.9009180239817212	1.1965650816286235	1.5280555545901526	2.9106345559781954	2.0490757311650203	
0.9243464868858468	1.1096628533312785	1.2115367714362555	1.3773377988759634	2.280918764522017	
0.4645516576774563	0.8163287573071312	2.9870037305966415	1.2744732021087786	0.9486081947801139	
0.8243236441157914	1.2368166707792754	2.2928908892548012	3.1550858991366764	3.6593481190312636	
0.8895997158867864	0.644849857196113	2.05388299669552	0.12793608841972937	3.908062562253247	
0.8874479533728711	1.3906419456991177	0.6794096473427451	0.8450955699414289	1.2893431683621548	
0.17931651569153273	1.251334981112516	2.1147906649972747	3.214440766759336	2.6011221848320716	
0.3099964275693863	1.6661068320540824	1.7548268795354485	0.017705444267447135	0.9368810140428013	
0.4520884132806666	1.0345106231277061	2.047261622790717	0.5940524050248168	2.3006360482783634	
0.047882048841137004	0.07230135946551486	1.5337391313930868	0.7960349718133144	4.523862495095905	
0.8302514684065474	1.057259293573823	0.696258783366551	1.2930661509368808	1.8523904316803985	
0.8760339207287865	0.03850827725946071	2.4390701370978713	3.1959428738154667	4.027182648264588	
0.5641974824392604	0.09477404202959061	2.5141697498640663	2.3335689414047898	2.921902282644658	
0.2571882989161719	1.7050555435187482	0.2702723862494344	3.7470206911020347	0.17283259739774293	
0.07135885541254727	0.6532520617640378	1.2711621222514946	0.7301608305236931	1.8984803820616636	
0.8616463113298204	0.06909745153799585	1.899232312972107	0.08091812843483437	4.236467272342013	
0.33616722588889936	0.6508945249347318	2.254512500319889	3.7476842189851185	0.23097246198258703	
0.5945811556096444	1.7986608438814946	0.2467791046512232	3.618647388861376	1.0722791260559938	
0.6041782673297399	1.618739211347668	2.765013098642388	1.9803551639897319	0.39974794104403577	
0.47344069200296524	0.6924104739727253	0.9466619084121284	1.4272757480999645	3.3227858764675138	
0.40965528547782215	0.762766641253473	2.4318059750034093	0.9394235745701041	3.8930516438092813	
0.6831696921123542	0.8422253186622126	1.1504138318947676	1.7276057323306175	2.180845990744203	
0.3571290745450767	1.6830130145585063	1.2696327411098491	2.790874253079063	0.010407903687889575	
0.9768336184896192	1.559006824048502	2.520374171626049	3.705896350858629	0.9323913141470491	
0.18345199978984705	1.3651844563856463	0.3286361224864135	3.793047141403228	0.4632990805788373	
0.8119977070454805	0.9499624916692575	2.1957088592535157	3.835225028663709	2.9361818267670174	
0.6418013287903038	1.0303367056585246	2.2797447270282416	0.7728921669725124	2.3179926468858367	
0.2830292760331331	0.819033989985045	0.736250206152032	2.2178774528380445	2.7447726797833543	
0.36363180518764826	0.5705624023731177	2.645386977915181	0.03512312380661786	4.421597362479811	
0.8145873121793696	1.9797983433942137	2.71696349395452	3.55535790601852	3.538048709955585	
0.04461947572491076	1.5032230710377208	1.351458594574884	3.135309350251875	3.5174279780937083	
0.6842267377866272	1.958411925000725	0.23541376479311504	3.863380428115719	0.6199462641711995	
0.5460660894549749	0.3603000838420489	1.657181982683059	2.8688637273317203	4.601043295035104	
0.9203657674027608	0.007122057469511445	1.4138674439045222	0.3136391670430818	1.1638160636024597	
0.1418893987450106	0.0826596444884351	1.2829741576403482	0.2724901917200442	3.996195041192162	
0.1978139890912346	1.5346255261033908	0.857977637116175	3.7128288956001994	3.716964664596187	
0.8360927046731139	0.16052255551211814	0.8340515791004455	2.691301771658639	2.6992813213362243	
0.8291645527298706	1.3812035039387887	2.6777026379003366	3.7318089175559703	2.0240780324622842	
0.33940122538305373	0.01136521530651402	2.8138772973829314	1.1262345411441181	2.7637768172281008	
0.3184568635748912	0.9626941218911682	0.03238833179139711	0.7369509834653689	1.5002858254255154	
0.9245514323727652	0.8621397091138248	0.23211930663488523	0.7050578241459324	1.7533717150194894	
0.26123752296313796	0.3067609202258148	1.1115430991931121	2.714109688036344	3.8398726800042047	
0.823713417305236	0.6165345308810788	2.0534732570804395	0.8960527818048423	1.6918514927489543	
0.9279282965215103	1.3726125752631357	0.8121182309366928	3.64808931206395	4.463469268864345	
0.05933893622632125	1.2088765366649812	1.155699806043219	0.9119121535535548	4.102525738302439	
0.7890568762789313	0.33450659885886935	1.3166731139767336	3.455231809606952	4.351156596240211	
0.06858175667453625	0.5916171741790326	2.797819348862327	1.0989543333283067	0.1260771100929886	
0.04748722939769412	1.796667687471757	0.03888210758551203	3.649506823415916	1.486800717493253	
0.028523782657548735	0.3243450278069582	2.4393035696229792	2.410865821430515	2.3484721282671877	
0.7990764341351594	1.1157611540435217	1.0394890278401263	1.306562231366379	1.7235504264585921	
0.8150200991669754	0.9027042172534812	0.704975306874903	2.4103560534289223	4.852436371037763	
0.8412215398810304	1.1624354878317016	2.0761631392635724	1.2866273081793973	3.8966823102558026	
0.4791370960831596	1.2294888252628962	1.6038529531782006	3.991661148489114	1.9799887191471393	
0.7109632700212246	1.6274278285061712	0.5244941183397906	0.19394475628202867	4.485354680782678	
0.9894704714165261	0.05711823460973964	2.249356703955539	3.446554759409306	0.49868376258172364	
0.26929599449192687	0.35785131749479504	2.7061725127517877	2.326697765283257	3.7861172366171614	
0.9611253498645018	0.16170213753607965	1.816727336701427	2.84575249352235	1.3157419459169168	
0.5526269297777437	0.06323656749763473	0.5813585878773841	3.2672577500864732	3.2769413758282133	
0.3250601235701439	1.2881166234252877	2.6875565279113287	1.3270867023983932	4.292343517698798	
0.8467694577073589	0.7258899627292361	1.814947762917661	3.370447616408772	4.326123411730485	
0.27590001257047847	1.4714038216098473	1.9246762473305936	0.8690264288788638	1.2209763753792091	
0.925572401294979	1.0044573622066917	2.9932235159806	0.24635936694229388	3.621608130194698	
0.05162321903891354	0.732097337890133	2.562438400259278	2.822637252345984	1.6193738639318978	
0.2870621094580058	0.6266562675225618	0.47959615841165537	2.034139128965819	2.3777235225295597	
0.8804732124822532	0.6945361743090102	1.3430114291063102	3.5205617307086667	1.3054663610489603	
0.12335348742521912	0.17678576947627933	1.5779536540077614	2.813936072611994	3.3134683994280767	
0.7928225030497342	1.1351748957747094	0.8519087081801138	1.0723131569421986	3.600573465752977	
0.29084097134318887	1.2956017338642611	1.2913861330545995	1.159799153003127	3.228182213949256	
0.8528189810803524	1.6174396164448692	2.4178680824635226	2.621416883029762	3.4299334111498014	
0.4333862949206563	1.3801398719184619	2.6900314904141336	3.157506232906832	0.09265350417011597	
0.5734403410969349	1.753924014663058	0.8548905516802788	0.3604179684596711	3.1549847274475122	
0.9010088460732092	0.41328176636769154	2.521002381726894	1.7173208860191305	2.781865346804185	
0.005982541644752093	0.3484895826014618	1.4095192255719644	2.077059050437783	2.6711348653476725	
0.33183661173657464	1.7391876070394947	0.2859221959623669	3.2001364450990706	0.09315307480416257	
0.08706091172556474	1.60813573104001	1.2786812989137888	2.8655394983036833	0.7655491436249934	
0.5691207244567859	1.7292624554467193	0.09823169916974162	1.2983278975617116	0.93183660755358	
0.8385044144340139	0.9973306636217858	1.0575750562126394	3.260192518113986	4.007604319537729	
0.6144144530921367	1.899142894936733	1.7437251454322324	1.160833142916586	1.5649659453093805	
0.0794541757662045	0.9668407483314445	2.0305946546760993	0.17825205599971383	4.321051756091908	
0.5435905033203486	1.8265052382461928	1.470691131037312	2.0582681249338917	4.968839081272884	
0.6611920836152998	0.45255411855121874	0.027149325974484606	0.2801956411172357	2.1677407470094994	
0.27822859280281254	0.5754044370864058	1.4309589379478018	1.9578639626535495	4.493758457788417	
0.22560710358262848	1.237517347402608	0.5020422818861826	3.647094815543872	2.313080104742898	
0.12516879243212897	0.5044140493878255	1.50932875653514	0.39680591863592785	1.493426153649286	
0.4267262576400026	1.2786456055040163	2.920971351437915	2.7660871794571005	2.2981708516409705	
0.9198980358529345	0.7060499700778675	2.4084282483338297	3.0589943286590717	2.3201961390805437	
0.8437037226779095	1.7092938239063704	1.1193437893560139	1.2248707847313933	3.488179784367795	
0.39215718051788706	1.6898833509290145	1.1908883921286018	2.550601403906272	0.9037979777177774	
0.020304217538700153	0.6151968897955085	1.1378188131287006	1.314617252863409	2.8147371290237997	
0.9021105297111561	0.9530836291076188	1.8844704390337932	2.1039068167395882	2.223868196030515	
