Goles	Expulsiones	Pases Completados	Amarillas	Rojas	
69.51335454325108	18.094262884775972	247.0772112684658	2.0308729811572146	1.0184261464319304	
55.893256804786716	3.4086997494041005	18.91582969734537	6.236655648488196	0.0435453358981458	
43.99884200478976	15.103718162703604	94.75560782892981	8.170658931471689	3.8825023054569527	
56.85498481888612	3.5901026319726603	118.0221642033658	5.5753807627431415	3.1868876529647974	
61.300995885682184	1.9166295689884705	67.54792236097596	8.598182728066634	0.37176972225817007	
50.64238394576995	14.373040339154286	150.05082871706384	7.769871641522494	1.3944429181239726	
22.12221223940793	9.111623545906971	231.1570085394125	2.967007582815806	3.8826472987554483	
45.50297680679127	4.863207070417886	15.155156558801924	4.854147210406649	4.110240917494038	
63.88309823420445	11.707325965210027	22.027572461589568	6.448735159761053	0.9467428085187951	
47.20936922105207	19.346267153251915	117.94843579947495	2.187382828013104	3.2230496790141796	
14.688482590941645	6.768896057178266	77.99004286889824	2.0661404391175955	4.680831386525687	
44.98686157299044	13.790119860168094	96.9405050928177	1.3611985349945377	2.9770297036163034	
11.57281787508845	3.028154780642407	166.86487317694423	4.0773554426601475	2.410498232654432	
13.227394396389885	16.15748659743096	115.54318613772499	0.8257111890896851	0.92443962638598	
68.86776399675728	10.359011003908536	220.7178914612058	2.909343641395127	2.1154641637734444	
51.991953144666425	15.382428006995926	137.03336146829594	5.4323917000426745	0.8907081789619742	
25.107237802987214	8.820267475922067	241.0084632624789	6.261691536433609	3.172351355204772	
57.334205143804944	6.09880308472632	121.37649998284685	6.723292437208832	2.6651163739245183	
47.59396913793452	19.262532762113615	230.91619608281906	4.443729508508934	0.6585064611556241	
17.842306884209094	9.057693877210856	244.16196194150285	3.3120645898805967	4.569840857247421	
36.939181583953584	19.81721351551255	64.65224719213094	6.867418164654643	3.580144902524953	
46.582328100173605	5.482051802247692	133.42909723131407	5.955554904268335	1.6928591540488924	
54.866145958518636	0.12127858442869455	230.15689379260206	8.413968524463517	1.719531164893204	
66.39994634557212	9.198483181253977	116.87632903033426	3.3807518074533394	4.869849775434005	
49.85482203399137	4.563457684114809	115.30655015790572	8.731147267262038	0.9871524547099814	
39.64375681873172	11.147075687923829	184.23243082748266	7.597583374466734	0.8006862605376763	
19.030684548553666	18.788757765810296	148.79947099404424	9.444285689132176	2.8392103079766846	
3.188640766468832	3.7074471213826787	193.52482295803736	7.116756006779976	1.2307993458334536	
32.875906712650526	6.974841852787548	154.6810076614802	7.81951304097396	3.728594284696402	
39.495147135117826	17.36482261794611	154.06447864913298	6.015711737261892	2.3381999175460937	
67.0220073245269	12.053789513976835	236.7426072964379	0.7732234834689478	1.4266027811156479	
20.74840525449587	14.303120264976808	20.241810970601126	0.6065640826929597	4.076127704227644	
57.66339009375838	13.956981910577689	58.35193684902115	0.5390082908765137	0.33240642431951073	
17.336077464261884	3.7329771184938987	143.16846606661971	6.610453195099875	2.0961380534666008	
62.305476257003114	15.456025164670192	106.13725198921064	5.4074946125130605	0.2761717380667289	
56.11068655684395	14.064521318343974	10.184952099891287	6.958586787347621	0.1552386506032266	
7.333668860008451	5.322965020167549	56.36951046921726	2.588767122719294	0.11371429080943407	
1.8285669176956543	15.705373162785746	175.33498386015293	0.3317005320621591	0.17427527787875208	
44.924443244569076	1.920261791064397	51.222108854759	0.3741047605091352	3.3034930944736622	
0.9223733305505788	0.14820293195879408	170.76467326615807	2.1876641032192614	1.90145902821655	
56.22566347341633	10.426589303346516	173.8858449514081	0.6563795105367121	1.7021326564675858	
40.60119973134269	13.907618430631619	159.223651411302	2.6919146897301705	4.947823224388327	
30.523818569962668	7.981112023434191	20.436699732504948	9.603539532451782	0.6427397396851581	
28.207433659464318	5.955203583308551	52.08380540022633	5.00526836060266	4.9605640477555255	
49.78127848343053	3.8366947196132473	50.56331314419302	4.043807338981729	4.723445414452648	
11.058762054657912	3.796459460946633	92.23486870195171	0.1746646763326265	1.214547914048535	
15.251442171667634	16.36668843237798	77.26448378086998	1.4474430085636214	4.948158871447003	
20.89534064647244	5.5044503066824575	122.62796434034118	3.83842630707509	0.08036428449628874	
15.774383976171906	16.167453750494637	10.798025215061957	9.58860532363916	1.7506064576393854	
41.64824886688584	5.19807562260433	33.2607802900394	8.812244334646982	4.647734558880329	
14.854617510414833	1.7000647335285124	148.14036117272542	1.7222651247803122	3.505501410528991	
9.082661214540135	3.557978251328213	76.78243034969232	2.210166567376696	1.7968831831059418	
19.375658509435436	7.376446415019959	63.53913946452672	7.237320391112332	1.8422621970562059	
1.6156056409456399	9.514013271763055	212.51158225292997	5.325277516033381	0.3652343374588124	
40.91380794360558	1.373286256970172	214.4848944203503	2.869916073351624	4.341799718569979	
47.08957140894785	4.349299904794517	75.52277646807262	7.028578572324962	1.4607807885193258	
41.849688660954264	3.9167585286583506	99.58778409704477	2.8941549620941878	1.801484530106997	
67.78972261929057	6.1239849045961865	246.59906065383535	4.769252987173218	0.3924671967059312	
5.046944645464622	15.580028585657402	121.78353342721579	7.825204280444071	1.2295828332133159	
19.328527536059042	19.801985487644618	2.8295484407845075	5.1064034710326585	2.1153896032861152	
6.198059931752527	5.405539391310688	103.2167423308789	8.661512825748709	4.999623448188672	
15.730417275604871	12.0787743800196	94.94338914366502	1.941310860974741	0.5936860825115392	
27.45475113971405	8.365019739107879	83.19666475348184	8.284837966630958	0.19458667437424693	
38.91191839267938	1.9834471146264665	163.50175622238837	5.6270262148577626	1.998736562401191	
28.941359581656858	12.658076107751242	117.70498570366635	7.3466456527387605	4.551951982147145	
9.421148310991619	3.6605353693672615	153.00209539796737	4.106385481033708	2.956021408112524	
44.418546740236984	13.078557808679177	150.52648444869473	3.6311008107755818	1.9876365302361731	
37.232996368807356	12.127530432064573	192.32938335811284	2.573734266814011	3.338028149696858	
23.723094832737928	4.051559689107562	190.14197778952476	8.48969483420857	0.33092622958065143	
58.000495776359585	4.827662953976879	34.81779149039582	4.417550491840132	2.7906743635970397	
21.1500847520335	11.295238850269115	228.46820647596746	2.0923108395236403	4.073738850186151	
10.57643348854848	18.44130263585335	91.96857293444324	2.5151981507454813	2.1669754970653847	
34.81874670769512	18.603585234979334	28.786074699130886	5.177671918702302	2.2872018821403155	
5.765899910809278	12.765402725293729	228.7274205033106	2.9186413484283316	1.4922175395181898	
27.595831779025378	5.831935173260774	59.793973926950684	2.402389956391376	3.4807115710389267	
37.160548566003804	7.279890855879973	204.16311916545914	7.869186828611236	3.792126646884502	
21.506167702938317	0.49778142130008085	38.31388907732183	3.9993993522119586	4.327969563677979	
49.21159488166418	6.413554435171555	136.77754572570603	0.7443689876681225	2.901149673507441	
19.841077727987063	0.7446392181009864	85.30834664112116	3.5335532151408486	3.0258044264640716	
51.0244554365006	6.340120208488685	170.60643777436573	8.195748392643651	2.537432760564389	
17.58876505660677	2.8659334667250436	249.3885108495776	2.9408600548499733	2.157912343701349	
13.046692660868155	8.20258761443589	243.60506874451877	7.115536786402934	4.965761753079155	
53.91509734574558	11.472652592629068	223.23517691766313	5.8601129577992825	1.3028162484072032	
0.3397726345115426	15.232566805627998	146.03209196623735	2.4006923576793615	1.9143701905944037	
34.336259665288466	15.483034378469288	216.47923446529705	1.7236710729667337	3.7402746782140506	
64.18543917788767	11.448495206342912	88.86905572390641	0.5219570099193227	4.6093122359626815	
24.38179044485115	9.568636915309995	169.62579868105396	0.053938928581217516	2.643446946997068	
63.923915197880994	17.305283422922518	67.7546895779417	0.10252448984706453	1.7527352726121992	
57.332321332044906	11.284652931995836	63.77350028513401	3.007316084459859	4.575854417278246	
12.176093764704001	3.9061330865093113	73.83975219617489	1.092397726715555	3.958224420721694	
60.547646638013006	17.962627083498603	153.76087372746724	9.067979459945256	4.704066254210711	
46.22877596118158	8.821894761922868	47.14345151891911	1.3991845892147792	0.379018936493683	
16.301872290524592	9.065742367906207	55.72850241876756	5.853772415397013	2.016932889849939	
32.562329223861425	11.730233738708236	243.35280149771071	8.355158157586839	1.746646606856176	
69.34865826142423	8.651183326714914	163.19211619172918	9.00360637625356	4.873159303050544	
63.10136595112436	17.862968698236312	31.075280165272	4.173772432264872	4.806914912655122	
8.876782440353958	11.433561729067083	126.78242898246859	6.960908989479893	0.5710524011719154	
61.843336215467936	3.647590366564304	11.799727471868444	7.2955154957548976	3.3623872083449595	
13.52161248158278	0.13802756652668613	185.33799427562332	7.09317442135363	2.2635576403006703	
60.699118279666344	11.191146533676072	242.27038009282506	7.259337589461804	0.005502671595217223	
40.68342373809872	19.61118474359582	136.24745324401195	6.7150565677652665	0.49799340771388423	
14.650103790447625	7.087188924111045	231.84231439175755	2.01565446235909	0.5772064766237722	
8.252985243034297	8.123997073699304	192.6879538217895	7.671870272186837	1.6044732069262813	
34.38587066655984	14.999723711383822	153.36251993453425	7.879774841978222	4.006463191424782	
39.60407397491606	4.051467704036645	178.75560188246732	6.3485829825079465	4.08360378873143	
13.537523945025727	8.146836687805871	55.63511717809999	7.9356157124160625	3.7322704749577347	
44.33202189382451	8.027939887269023	186.6852854122997	4.129554903735157	4.771681662203447	
6.429805141155466	6.4738362314504645	22.154133223186378	4.07093404568103	1.7499150984789758	
43.02197878163406	3.228629095997033	208.58797676420772	5.043743799229905	2.2623440783524296	
63.81432504335469	7.516867993025487	249.82634265576561	8.894299669196567	3.079100083637524	
48.47794534407259	12.68819711474751	68.54561912821339	4.624165103211944	0.35738117257108293	
57.30101097400917	11.053543379961905	24.829970025800343	1.5246246909096783	1.7681603431864024	
58.43729452941356	15.52045679586496	27.49181976492665	7.078034370719695	4.0444630023459505	
56.48754364447145	6.267579332032886	36.44281890702911	6.793233103635011	1.2052660090962615	
65.43453352280983	17.02418914892026	193.41355860525766	2.667708498063196	0.5572253625927243	
14.846669504364792	17.576865219942203	172.78844836385306	5.47660598156248	1.2785692755836346	
18.827496850430645	7.309554009284982	110.77666277414907	1.6712714789655592	2.2872662817222706	
57.21599030263995	12.635364665199884	198.82543537856503	6.106297776538301	2.679187668614808	
20.02651579384017	2.013742858153127	123.25012734610813	1.2773410693906018	4.495356675176321	
54.205623028296735	3.587716896283535	2.7971654259366376	8.58840458343016	2.1750755628578062	
39.207491180612266	17.040953344014053	4.195905308848113	2.004299084118685	0.06349313730304562	
1.9971453870582478	8.86451509854854	152.46539777838586	9.48786143864978	0.3761774830240727	
3.9520326779273085	15.332644103199154	97.22820901320334	0.37361772036335283	0.5466633873401977	
17.20326865421393	11.107700477251754	213.81444845742567	7.101121304733265	3.9028608084655407	
10.661898611975332	0.9352092305458193	103.28184198801415	2.7188155176457265	3.0358084035398143	
1.802851609674534	7.083717984750571	33.69325337926396	7.9230958088366386	1.576454983175	
0.26677558532306245	9.053136798995567	44.168570774468506	4.0266825188203	1.8280808776990431	
31.136627116452267	14.713359995563637	86.25170678729936	1.7194739017852922	1.2626791142981335	
3.350478188026801	4.373061023196145	21.488329288288142	6.682231325873712	4.188060188724856	
0.7642051257538507	19.171274665480087	36.05242038112985	7.852477647620314	2.4608192846474357	
36.96828409199834	18.885926967747398	79.72356134432077	9.931406684558944	4.584821030099587	
39.679422468614455	6.049853470478432	24.69354709107538	2.717681156304399	4.585196263529553	
48.41332558760247	5.268098805139476	196.95667957964773	6.048529861061597	2.2520086261877807	
35.462802856735074	5.602720080244379	145.20891119112042	1.3916178995545236	2.1732100583024776	
46.328768684868955	3.847687229303196	141.29042270175543	9.038124347401897	4.692828541734597	
56.66931577815677	0.023622965059917345	225.01687675204528	7.23748139704988	3.315848957045066	
33.76213242151637	0.41340334163629144	177.98373884158858	0.7995442564573518	2.141168609648039	
29.411731463391956	18.884975126393755	18.405860209070283	3.2273311586093345	1.311058475558745	
11.374408042380272	1.8825870964148672	39.991335069683025	3.2260717035842323	3.160186047524314	
27.90997820741572	6.195378233160758	70.60392438224972	6.370511646120237	0.5773284519802813	
48.038270051226554	14.243397566799842	13.3164600907692	5.6231209221452865	4.830400692320578	
41.95553809208029	0.6999098782077473	72.84078998191515	1.321131696330694	3.968230295162225	
52.29447318245356	10.614535991542823	55.52292758748431	6.501831567911866	3.728259738431648	
37.026956056354486	17.930591125744048	220.27483386138303	1.1355717839735457	1.6903142239812334	
39.72282554518913	14.92086939920539	59.23996819451538	1.4652622417883088	2.520904229948626	
55.7327774938806	9.038498605915986	113.4871284735568	3.1001641079800644	2.263025969081763	
25.263913168469564	4.937236222319745	140.27149624185793	8.139946355215294	0.5152493190564067	
3.3411913857990125	2.0336597255724387	215.73657788515067	0.5891129542423035	4.331405152634585	
55.92759132773538	3.791106818419183	49.83436430892055	5.41155947192094	3.1480938435400923	
42.97893174454804	11.83518349202476	54.00456150746821	3.4577078710447817	0.6002203750012747	
45.82384290715264	8.597599489311223	63.826926153095684	0.07759215078944615	3.3374106491323774	
44.49437701031686	17.899109157150054	64.10722726121628	5.2112368281527175	1.7095147419470347	
57.12025908096424	14.3511097957144	77.04937609942495	1.1174738093410463	2.5498741605509183	
50.65199487261358	0.18638771755003836	9.649349269485102	2.627353026676267	0.6368973610528195	
39.50124233920927	11.67806074326382	204.0358529448161	4.169411700983483	2.838067695640057	
52.08265380211535	4.098521168816509	61.346611745401404	2.5839715565937604	3.6985574703181467	
37.13308061586995	19.62882198964525	166.9354680290361	8.495806748761153	0.6669124329582538	
19.999898635349062	13.27537768370977	74.47691454486946	4.297395588444182	1.4111037456455955	
57.03143120048619	7.19138721294216	216.23583725693072	0.5017264668921839	4.420753491529852	
58.599168612715964	1.882100428597313	147.08544967226	3.777259064166998	4.137028696847652	
35.01534640994707	12.321979181339202	35.92695632835241	8.845890035270187	1.1838160623073701	
19.294945806892095	0.9379736022867791	39.317556463748375	0.5146557910068406	0.7081171312176154	
0.8668914756348678	6.898904708733227	64.51428387199485	8.77527781842047	1.9632782826616184	
54.26349222986598	16.68895516801483	122.8515584830167	6.462535889102573	1.0532939613255132	
54.78032440394809	1.986145164915405	130.99269093219533	5.873340034234378	1.8021160271659924	
27.22744051772491	7.000454474281261	196.44790330235116	0.5115787427034935	0.7641595383235578	
50.84015970211495	15.141290309239459	224.43363159197253	8.209991668430035	1.4366846938573246	
35.75832152117501	8.272811556721344	214.98625747095213	6.502597990626329	4.075428979782281	
3.1165898829402936	0.27635539265720155	25.2157142232175	6.585246342814404	2.0065932835680216	
30.125374914567963	12.533120738213974	102.02094777317438	4.549382711928298	3.0848728956316296	
68.37305016437385	12.701571373081443	38.383167439047824	8.752081190482814	3.361175899314441	
61.76892301843258	17.775487329843028	46.385458638563385	6.460579662490938	2.0052286858534343	
40.61451543635027	13.112508063612198	214.28490415468485	7.365706565969273	3.9104881824942344	
36.08092903689758	1.8156661139316865	227.44183436098797	2.7968412963149003	1.7323713890017334	
43.94988760944715	9.97175958024274	44.60375485044418	5.213152918624246	0.727795849424614	
29.950578393349446	14.197876455438188	156.38363598570754	7.667982204671686	0.32435436074408186	
59.297466956444666	7.3168662353241665	193.70586688419817	3.835447670816902	3.7908079750710595	
44.59529962036387	8.620007524155023	63.39049815558559	9.376848782082932	3.930087377290248	
34.275781865000866	17.815803644869234	204.41829727047946	3.506020231613106	4.619963357377598	
24.739403195053853	18.157818603282667	223.01744445225148	6.517160442305597	2.7792998813175234	
63.068373881381476	8.442302859504277	167.43207317459485	2.9285464948707896	0.993423166467684	
34.51152317306439	18.68422407148475	41.20579009356678	0.19414787527616162	1.314446615776657	
67.83974635976334	7.370172958132146	169.6718950642376	1.754984621983423	4.108079305093664	
37.34605079573153	10.453938204116573	233.4277412662173	7.666524756797813	0.756203990340884	
21.75223526077229	16.35983040458069	115.27633198207413	1.3702297649794137	3.463992029840168	
36.43819250327559	5.270347887689568	123.25733058405069	2.8496111578157093	1.8913609174637873	
49.955769461899536	6.828695965239615	100.17926650026399	6.541703489746267	2.7734539043397906	
21.443034484427773	2.6055792283651202	78.30810022329179	8.735920543924419	1.0018772535558313	
11.958985015662426	18.59607690931603	85.03963669670408	9.4515245662888	4.208892942497615	
45.28765844161444	9.980983148148265	21.22890951608919	5.193017921192046	3.602498508321659	
45.25939926361844	9.202845838557458	62.787626914163646	3.105345510285459	4.005444358430401	
8.266179177378536	10.10267641221329	247.7595301984289	4.266271482802068	0.10240219683218699	
61.494876681728286	6.714838610845053	201.9183830762191	3.5261759955460334	2.925053590523862	
3.922821609658188	9.638971666592635	33.63324723096889	9.380406839315139	4.365900236911877	
45.02121795565619	4.286695918594965	218.53498225862478	6.453140539917269	3.420013466622685	
39.8593084090045	12.918800163803635	235.93339143834402	7.764898665852575	3.572306072275015	
4.563882538374017	12.239753410086085	67.79057465709081	5.934803226572813	1.373868753857888	
21.983913758712255	11.044544152036673	135.28814516936205	0.5780179222434523	1.4712292845822268	
48.87555558235677	14.499540082291949	178.15181036078354	1.7104793387919426	4.472611279176507	
63.74838939515638	16.80054351529448	73.696352085664	8.590674381961104	4.012736761590077	
11.755850550366997	16.33277362147488	192.05501027471945	4.970766585867112	3.602642678152858	
7.017441604210193	0.1945052194962038	184.6462029075228	0.5963191153036274	4.0923200321943405	
22.67311146054845	8.937995330251114	47.59613552494829	3.2660007889072062	2.0486414276380676	
6.142430342103895	6.596178611789023	249.2694898468704	0.06391087803057083	2.878168851507396	
46.39319709554734	4.662771878615699	212.24215842773023	4.450232916303517	0.29668106982258136	
8.265969134831074	7.857247955500009	146.59738377097477	3.076497238976197	0.857967297892116	
40.41081768086807	18.343108178929583	249.34310434410878	3.3530766361127675	4.508725268647815	
12.297989717190225	10.68267248089628	239.29565866056677	4.514977891428843	3.535052769327565	
34.402677570347194	7.451715317703835	112.94894399380637	7.250350252723958	4.622275299241756	
35.01935205218482	16.58129937289917	41.89001235382328	6.259769205278014	2.5494361583323686	
42.041314842300615	11.944102926867124	95.46593394271555	9.84669671861774	4.264492682360084	
14.104345470149658	2.024908728406538	208.7386158571013	4.087267654346769	1.3639549382845768	
1.5482147947018066	10.426549099165708	130.77820261213532	9.07743739777622	2.1685884173436127	
15.943631784092192	3.2614838863069906	225.8572458660844	9.505234267037538	1.1720676455416164	
4.962584372835152	9.798376364006769	103.88354856329457	2.129468237898177	2.775933625833607	
38.97383427872684	1.9165251609980838	13.52854708589543	8.354711331477711	2.722693562309138	
4.204747513996258	17.661560580024556	68.65242266087432	9.751844336116505	1.047269063497428	
62.22936824439614	6.866288723023568	26.051622641670797	0.65049249282922	2.555615617724431	
7.517706566505382	7.145766835636447	191.2481533396023	4.291129935011126	2.283453147226267	
27.039880582467113	5.077072622566561	31.403997328840056	1.784959356199416	4.042718558730199	
11.189897963585258	16.533048131959596	169.66703799338964	8.30588969516733	4.688100801099056	
56.018288199219036	5.254208601588601	248.86555743384898	0.684348545075617	4.170426678382374	
22.900556044840982	3.6208010090400577	49.823213409408204	5.572610846433189	0.6305608028499399	
24.0619039029708	11.373014440346223	199.11160560527347	1.22350812934924	4.218619124956284	
12.495516288928746	0.30609798962450974	135.97232322382314	2.838029482392294	4.509667134236936	
26.3136900364206	13.760032779698362	86.39371865264128	9.819329785275684	0.28064403048786435	
38.38821389735715	12.477172436940547	103.87522333428068	2.6588765082172703	0.8012515471381282	
35.36054506549381	1.2272609269209211	227.7519750103908	0.07679354294473528	3.6328996648129817	
62.73693915654406	7.703985746115389	28.1551784909749	4.5824500583698144	0.9071722376331137	
21.707604379826343	9.902028993946345	94.9121889673184	7.77129657872154	4.181320097402774	
48.114394205206125	10.600905236867415	2.7751160670629327	5.625257667494134	2.2380307594327915	
55.5800420454687	5.469338202416328	63.894207253416354	9.334222492856822	0.41874968452142336	
55.99927220344147	6.593661292861695	56.18674684114086	3.959115436165571	3.156215794835368	
14.832772179648048	12.745777387875439	157.2115235188253	5.961326944071548	2.159838443336324	
3.7816217331762205	16.731338108013563	227.08449994277888	1.3206454277072954	2.573726533131259	
55.0721235456777	5.62392772409652	213.85726282346613	0.13886664297971585	3.065627401600378	
11.582806908619546	1.1857574949578864	225.46419523666057	7.7678705554984715	2.2421687749948265	
18.50728046724029	17.13759066301121	88.69199324234789	4.922511900469734	3.736038234605635	
37.72140260835436	16.306997098217746	171.5123860220255	0.22209385247432434	0.9714429746015862	
19.24669150355716	10.715373906675492	13.30166947632369	3.8011740696384866	4.945073785640319	
56.80298841753577	14.975821954123706	212.1578964702576	6.020916341408727	2.3083771235478636	
4.702835165415941	4.717065991075186	234.9111523374286	2.807206608473445	2.819342798102091	
60.97652496214348	17.69062909861565	247.0470768656954	5.522021600955904	3.192163902396286	
67.10086663059121	12.308978325794836	63.008170647349786	6.398611917895188	0.6131000494357947	
57.213041639308884	6.452627638613942	236.95870771709522	0.01681061614893231	2.5327372228440845	
28.859201690386417	2.2390327172464364	134.24687584861712	1.0052300591986207	0.9833066405463992	
63.329518625870584	12.075096772874703	142.8963118462253	0.8474802068836995	4.672025091552946	
12.367681055332584	0.6161791256996274	181.9601513696241	8.217004037520809	2.686752405470347	
43.273345824375134	8.612687256892483	103.39378199050638	8.933886268248571	0.930455746497979	
34.195577271057125	17.680941019421653	71.06162787831921	1.546064076479755	3.3024729392946206	
50.65775512922598	14.241097848655022	58.65848168388896	7.472113135079645	0.5052473426835941	
37.79252269019811	9.299701854062032	224.37972207204646	6.2807226879199165	3.5619267975795763	
57.793712325620255	17.056407281788992	206.22068381768594	4.872473047235308	4.913044101336584	
33.854446768278876	4.526745101717069	43.79252370372605	1.9431818425326464	4.893442969061166	
43.35614018399807	14.6295672279362	0.9056034678140423	2.7580439596849637	1.835453444595604	
63.09609243456174	12.867485287982648	167.3183816192282	3.7692382987346984	4.2942040354224185	
13.082447645034977	19.84359472959416	119.71359325585537	1.4129794189387002	2.051551402936634	
36.418626520165475	11.113430100075234	25.315692989967857	5.538618175994706	0.3119954396550084	
30.297087547897583	6.585543243507519	85.35680846030321	7.267267583025773	0.7364653611639083	
51.33842887681489	3.3062973079448144	144.8527899395562	4.699229713378093	4.415954040243598	
27.338677733377487	19.181597668238894	235.72723266604245	0.7042109846318934	4.441008833109178	
16.06954383148151	15.746557186733202	190.79802606085758	1.5347369087944152	1.7345648736912411	
16.23772371168541	12.818332013793894	185.82027186332422	7.181060440271461	1.1846106228332165	
47.57888566265207	10.949450954937689	154.2176054999281	6.149037616259694	1.7413278945427912	
42.755277843444	16.373037401340426	240.48989482734115	2.3629594098171705	0.38325792809494774	
55.973448167118896	1.586268292991866	209.98186225368738	4.6940195828352484	3.823869560198279	
62.35017394171521	13.935479653017676	215.4519675679708	7.256886766133974	2.14253333577066	
12.481890817716181	5.106121538785507	0.22369150333098609	0.3495596981485527	4.46930170747802	
49.59903969380372	2.136532014897674	188.4444736967286	4.962616535107605	0.36885982772905446	
19.165607353964436	1.2170515823971462	237.58950530142732	4.110256252354504	0.45896289709564553	
3.450715393865055	2.2722283590921366	208.18328598104915	5.661592747450933	4.053051041097679	
7.038423667644923	15.450326551740465	49.52938839094198	5.845752153857356	4.283812024113358	
21.19988230366871	4.818277153147279	102.46101597890025	6.374295331792343	0.19289943163550927	
11.168898328669416	5.034415887220449	159.72767644967576	6.536803985738663	3.9783222865061116	
11.944165024678973	14.423179569833263	12.84046119948351	8.4738080946886	0.7529832495837824	
8.421990082967964	18.034522643432524	50.72754907076254	4.7704809867252305	2.8664530479647516	
17.512872982731928	0.26063315001912724	219.83769646285828	5.1911519604269305	0.5621361629785854	
45.671120128259496	15.658505116049682	64.67933893036957	2.9953721662508013	0.06314702626226576	
33.29451490816402	18.95233968879181	235.14667374977734	9.038126991215247	3.0162718783514544	
8.327221096067806	10.370460053858919	13.375174273083267	7.418238973831084	0.16747479004522337	
5.1785631871573	18.54363296744151	41.72815583685452	0.3232442946027303	1.5337735374388823	
33.30625007250333	2.9430160981337172	56.45645308441924	3.9598447575209192	1.823845279769452	
50.16844872198541	7.163026894237802	24.873531900992756	4.375088261206798	1.7649813472885012	
58.30083797164348	8.026028770897643	230.73266283031532	1.1868106734981776	4.164291551241439	
5.778757121912657	2.6390877746997576	162.88130012734587	4.082850292816276	0.18467497625427542	
2.776104389625088	13.88481189237255	145.135716640854	7.977831352193222	0.2776064986274923	
45.33407285540772	14.854143552489223	54.24289982698721	1.545571302338551	0.5630264908562893	
25.64684290270833	18.06710077157328	104.15271883672372	5.0562577115978256	2.0959709310206476	
15.623089999321948	5.111014415559176	95.15543499650697	5.514907371714525	0.6276866395558178	
0.8969091161337239	3.129237409014527	174.78483385679215	4.1385969322697065	4.914537713176949	
53.596901551938224	11.044689059827327	44.6356011999412	9.00881802486857	3.8683284244751803	
43.34326541570884	18.807082672991747	115.96183064728568	9.801497595515546	2.6027673709464545	
39.47048276368413	10.05507680058911	205.35506512328675	6.034296058534059	2.108618771266339	
47.31985961849543	1.3986932457978485	155.0942017930773	5.076583825496805	4.996840138305562	
11.443391382100064	12.410803734094575	18.9872761149239	8.602958991758221	3.339477246862836	
68.15326979306015	11.87561628125663	158.8262761816736	5.4353458608461045	1.553864867573886	
6.592077147776537	3.4885078601614206	189.65667880890965	8.389852820887258	1.240918579615059	
16.939530114586756	0.21710852223791655	130.59783981529458	9.664919793710943	0.4405604099264382	
50.931983512976025	13.393106285636055	205.18992258779625	7.336177520875884	2.4959864947428723	
43.67657730632196	2.5160349771698276	205.44536122024851	5.856414089138956	3.635291954621891	
30.211500948485163	16.26134994323907	56.504987370917966	6.036952448516902	4.202362357616063	
44.01790632337473	3.3153192487383643	169.9147973392765	3.2598667908686507	4.198961061841164	
49.09689011440694	13.153605386953222	211.19005242066015	4.605739976046767	4.160826248748456	
30.96477747445182	5.293697624621208	227.39745633331367	5.556265926574914	1.534193582589276	
59.433397562368995	11.01279956923885	52.206483180880475	3.870972173321481	3.8753833449515267	
14.7047804778586	6.588010530500519	99.65685454890377	4.65114694833064	3.193110936123278	
18.893805772654687	9.270428470237537	178.9086614731955	8.744119829100443	1.2999796144251903	
40.67033124688884	17.77647999959239	129.36154020759554	5.110023987879636	2.412993622469867	
31.206411751121838	6.391666844060793	217.51514592451903	7.866776110785272	1.6005440655520975	
38.95387945124172	11.30987733738841	75.85646836499008	1.729942651652313	2.7952644981499546	
31.39850272292966	17.373295636111923	104.98714978755785	6.29235278823268	2.004842054097163	
41.89716093370529	19.79822599172483	72.63157105658505	3.2517734953965793	3.5545740538122867	
53.96104597126163	6.188713279638598	170.59698640621937	8.006755664385851	4.601264094480089	
69.10074945122217	12.872357137053365	200.63589512336765	7.23712587613761	2.3326943282276336	
33.19408467335919	0.9440048152772751	121.44949812186556	9.599363456773961	2.5285234387612117	
32.03595838848314	11.966345670143028	159.72449960917922	3.7617867615168876	4.052578344684586	
2.811131607881788	12.509829008146156	243.4737815385556	7.848496018753143	1.8733253812790696	
18.503955465753403	6.22791737113481	45.93934485945289	8.860597314543412	2.1257517606618177	
66.67778931329741	12.913046154245038	159.56586657826784	9.930875346075142	4.838261217655743	
8.686839073678843	7.162123892292667	28.266183274912454	6.290021310216979	1.4664340301934464	
26.287549979416443	8.485426411445395	220.72276014904557	6.040340540639269	3.852030382260712	
51.6076290967089	16.319949740064406	4.569814606301597	0.7804005955483762	3.1712814334157975	
57.775967999489716	11.375482893577102	211.64980626553591	8.539915176992555	0.06956342833008722	
21.01508241912515	13.569779779051416	188.38097604431496	8.006937475125282	0.8177714047193974	
55.838693526118895	6.689121069127319	215.29071279435922	2.3083906692736003	4.279709486726304	
31.9498030951236	15.241573396904581	204.10930818820097	0.7441105731433773	1.8494648472174897	
56.0404721555584	1.5499799670454428	121.48241790481151	3.4299781288772326	0.1328466826396757	
41.09253895254655	19.03837478513838	212.1147291100892	7.75204407419122	4.815604271885303	
11.902496131691267	13.521178714386206	194.4401759512007	6.047702765911157	4.955349369244717	
26.999495475556344	3.908416867008493	28.022014376187705	5.541805487639021	0.5792128797337992	
26.691124700237957	1.8809697917234725	241.98341651808613	1.2327237519726775	0.31856408215399923	
64.30575908456618	11.34046771403263	143.91382214804776	1.4942209807186024	1.1024500246299533	
15.715092678954088	15.554446605000496	90.39772729718551	2.983559697033927	1.2542652741798173	
60.76941339171566	6.058569807679115	149.28720534036097	2.785426555869046	3.91362929908379	
19.152381338600073	14.974229322020056	167.42304943363084	7.911989247969458	0.9613401039067243	
59.33908772895689	1.1726950036078376	102.51698632083622	5.548150887706166	1.1565015766547977	
39.15319189365715	17.761222892938097	98.99675576311087	7.004632152106946	0.1647050485818058	
66.0978115582459	15.851699590742784	132.72085625870278	7.535862682369593	1.1161138024621216	
63.29284921376105	16.53183324733933	222.1051409730115	6.880121662780569	3.7886452613193673	
22.529531943927935	4.807590970023465	97.92046891320089	9.010006393423598	0.761335306458435	
51.15128771159855	16.713313083177226	116.73966158782153	5.342660565863257	4.233823661546664	
59.7203645090698	13.474901832979526	191.96693498117548	8.636839248179449	4.828248518664361	
52.18932037370613	7.827209487279507	114.92238941819602	4.330274363289587	2.33843422095255	
45.15713937624814	9.35433812588739	108.2253517864479	3.262523787021405	4.31218486487827	
33.38284651973973	13.772625132709354	32.49073855512777	2.759515257128627	0.08575318707684576	
28.264423467647354	15.172473799570248	4.095684899778352	0.12834928348499086	0.639712294310249	
52.449953739435415	13.2799845971021	190.7490167834336	4.073288289785262	0.641817038781709	
37.48581705330234	19.126880686466038	170.58872083098046	7.080946447761615	2.3138868323458683	
36.479515207953085	12.609728953284637	233.94392785954898	5.3536500303255705	0.5970241240997987	
50.85729464555779	10.2118055488145	162.82803455720062	9.14189056407223	1.0750496317441394	
3.193351807187592	6.87193877002162	235.8470960766803	8.850308265812112	2.005612029353877	
11.652884001030642	14.042249720901605	83.55216383618009	2.2360114250269127	3.3576820798924505	
14.16927790553985	12.708802083301192	231.0502546946286	5.464384924828427	3.205650922408969	
42.35555964913493	4.941139946969915	180.20887003956216	9.206093812620388	4.954658816303736	
38.64186080277688	8.263566054972495	223.92241595518823	7.791463730718267	4.368418536823905	
14.215915268979204	19.677114148192608	123.50823267758834	1.0657526018071606	2.432496006013896	
61.15477824835076	0.523978335556694	30.51570140005186	0.95728695792626	1.168894998259019	
36.24381693015991	2.0090164171259595	107.02949373686738	7.767671991107034	1.7708089013447386	
46.22517949679913	15.984561541734818	226.52563584018395	4.119351511043316	3.2702566130309596	
65.36924084672295	17.32766815045072	59.47037290291765	0.714739348351906	2.6397885574440045	
38.426959421935116	19.962246640670987	160.40977618990982	9.25285723714873	2.0404806530598103	
16.57819075444643	15.653335837563262	201.86734345072793	9.696348345125674	3.0628116915002583	
26.410540230439565	19.163637833087265	2.039799813508658	7.042721404227597	0.41187835498405323	
53.697835246054225	19.977853952295902	63.48683094776339	9.197032382762423	4.576509092322233	
66.56051252065382	2.8131546593956447	84.88090021499181	2.6898541365564634	0.8360049211631282	
13.077506589636986	2.0392991775700775	58.984489770887855	3.652292958756953	3.0765726645031357	
12.709904262264782	0.2594494501045874	108.61018872108183	8.729067751403347	1.9081887782881124	
68.90222287023106	16.462277250589715	19.978389785078043	7.420048170158115	0.9366286500653404	
50.28977391049303	17.04507118034034	124.98530768037119	7.619169401744934	1.35032574331152	
11.730753910848094	4.840315134791011	95.02749357316783	9.94047886917049	0.58302915869271	
9.477962034398898	4.9588339019530565	66.05727985790672	0.9401033960951821	2.8131091462094586	
61.42295995600223	2.163106589559607	155.0471584451839	0.2601012173493411	3.4352577398182	
60.92174843513168	1.3522543758078798	130.76684290771738	4.342254045885152	3.134632203764439	
30.236640195323353	13.823497043471612	205.49749013307837	1.6270800366693294	2.8719065069997702	
8.711090811053781	6.669060165829455	166.61108539980611	1.3891743881574548	0.15637115039399407	
8.31345225389715	7.154557474195684	48.06594363927499	3.6557818794034613	3.704705944074766	
15.961561771132498	17.06408572965465	105.44929581792778	8.728857238907228	3.5098062274995674	
14.152712264034102	1.1747281369438078	155.03834923717332	3.5970007126346646	3.0499854705359333	
23.015401111237157	1.6805499220783782	245.40822757283897	8.783397164125317	2.311402669132936	
50.87802840784798	6.645755943453389	175.7050773570425	4.629616456521596	4.718944438857187	
54.078557771087446	18.71928031403038	239.08437394333234	5.495731683913841	1.9545171068410387	
43.83014698531694	6.894902044693978	10.396488761114542	4.72786343331851	3.7548101212061757	
45.58296101396499	4.760656531664276	56.45658885991606	0.13235074557821025	4.480463264510593	
31.856556649186874	1.0513621623318814	119.3743602624853	5.501097358218484	4.89813016596156	
46.639046743312036	18.22050237010386	243.6829657302572	2.8453633595155594	1.7272783085177323	
16.141650639427887	10.724596240735302	46.53518144379271	8.711032311175002	0.9795276001633629	
8.478920607356644	16.19804661414655	196.809670154419	5.642638825337904	0.0908113152809481	
33.9875861756728	1.7219600317344885	226.31109677799682	8.4500384889531	3.397830771540422	
7.655899883984073	2.2268063063380628	203.42854147928483	0.012878990593623296	1.8136175723572678	
41.51178542461503	17.212393946473625	218.44676856870817	1.0543775171374248	4.638066777367683	
3.1649409681693985	13.696255539660465	115.94641313262785	3.423463862001026	3.191850440927041	
51.29491326101108	12.821129866449283	218.05905975016884	1.406136237040554	0.7807860346761941	
1.702846409166765	11.354432864772381	64.05502527754192	6.108116153715665	4.7624958322424735	
61.80548097465939	14.693828175158604	5.624372465790062	1.9991192583908035	4.801133891479492	
36.881078232837545	16.677491664442364	128.56372610094098	6.468604745305754	3.3741646194641364	
19.505968254689158	15.000979108980516	128.7273886364523	0.037020748126023184	2.047263627326312	
58.55604557191953	7.901163017741881	106.42713257179625	7.556841540747565	1.0095439582360122	
14.581400470936668	15.965565252045069	121.71533093158534	1.3847176737530686	4.2569182760880215	
60.213680089204935	17.15963553606304	37.43632436405739	7.951211533379326	1.6383350797978409	
39.530758315191676	3.35150106991976	207.7223246769381	3.972356248206376	4.797348538489089	
2.2058743729887773	8.218745415687096	6.3260491409369015	7.554041848850179	2.2047567715429386	
61.600499580551016	10.163232690882815	8.199524236291222	2.4499662987056023	4.151214949353238	
64.09788985291152	10.332570979798934	125.78047950349993	4.2595497694199	2.5599165959426715	
54.39501472730841	7.417025732205045	23.1478617821734	5.68564641544545	3.4661418559683272	
43.75207135897306	6.9742071625832835	119.72004170960513	0.897245993895549	3.7869301843911574	
25.264874238735178	18.316176645005406	14.418899124406998	3.3604623663700672	3.330369480741142	
11.929252454018126	5.368175984555292	138.24040278548978	3.566017027642033	4.606009121996385	
46.68185015372744	6.6780568967981875	19.52455685846913	7.841584864877423	4.013090143396231	
17.773283275742163	13.78771758828596	161.31113524798369	4.735307597676752	0.218412013488129	
22.488105722750575	7.603237164216634	79.13344694842698	2.3219280826041855	1.3693211290063907	
14.885728785050535	13.081857436140501	77.57846875718197	1.1429957029405846	2.6229130519602584	
12.149978692719339	7.175343353139569	246.78204937297374	1.650920181534885	4.71658370605438	
38.223901469154555	10.999016714154914	40.78314273884492	9.953784999340776	0.6413720562590663	
8.807359542842919	9.328539881174871	112.85793087182913	5.425173254368714	4.806778765134097	
47.58136668141677	12.54774717418847	130.7599038988673	3.596352692688739	4.571710346338845	
36.803875663618854	4.955563993931211	4.699325717387931	6.717217707569344	0.2664645136878202	
2.50011129491146	0.05465975490261954	39.26636543119436	1.5304200534663503	2.2996597829571797	
64.75621322112518	14.707958443864275	129.32180661731678	1.6478109826781506	4.78389204370473	
47.278021745839176	18.38133928032455	199.62591561434454	1.4112108868622464	2.0817866645030563	
1.6640318583558422	1.4174223183323886	69.42084923086108	4.45036952031388	1.910162266833491	
35.384714704980716	16.548671280468724	35.72259167549921	3.64580958208459	2.5915410619559753	
41.650811038409124	8.941144895537407	105.35653808592546	4.88654033754393	4.252613975737361	
20.6413876779924	19.026611141354582	130.16390598482005	3.156719485429936	1.3063879098550863	
5.582321262197016	5.779259559286814	118.32314894579638	7.421247462162343	2.096825268052225	
9.596905744858624	18.422180891028326	224.47179059252883	3.9078842549109294	0.3843407120591158	
68.37550712336106	3.0247212600545126	80.09085008837816	0.7754674198102396	1.360912382545244	
53.281950365059345	13.333128231210331	9.142956111914541	6.750623383027012	3.27010528408966	
49.71822894169432	2.8446613699039913	40.17737554434827	4.010152002175592	1.6356120848723847	
45.001128449770874	16.992011073330616	83.86283380905394	8.864353852956345	4.405408355543625	
20.926674258126727	7.843655801368512	159.24018476861482	7.7710239209675445	4.3566289027214635	
32.5357150734786	3.212116267725875	191.69663202242484	5.242538333382515	1.5799674393476533	
3.3478273457054164	19.06545103204926	235.92285491787484	9.926092997314063	0.061070409993373986	
12.697663366006553	9.102413806852834	123.8464897420646	6.22687815322214	3.033111799999628	
44.07226188516752	0.2285355679744927	209.6147001826849	5.301399852440002	0.6325276108114242	
45.79200187749055	16.598064961968795	125.11863837792924	3.959845583558211	3.1252206507979463	
14.896862234957247	13.974508550553452	237.30391508390406	1.7201284494059266	1.8227008707951753	
11.30516386640083	17.45911015524792	150.1836130336973	9.398102409850077	4.491181683701572	
64.4528665739057	6.460923930985998	147.87013943742565	1.2666755363066506	0.5712095929769512	
54.494403569594056	8.650904181223675	214.04843683883183	8.172401759370556	1.948832938524524	
46.690110005763245	7.510542320083222	146.3699127603582	2.288414578514857	1.2731555047750769	
27.073510113150665	16.130101634794748	53.57323417643392	5.036510645199627	1.8423050849037432	
27.074930169776216	12.332576970170468	44.741484859642966	2.0463461137375294	3.6218936798615453	
46.36713842722665	8.325403142597072	218.7119257078185	7.277381910204303	1.4398505421309782	
4.09218045209708	18.461450182323862	163.17770426479007	5.808608533502837	1.5989114967555396	
54.19312535835496	11.531006815194374	118.19210038426267	1.8771690815010467	3.4053984613515205	
11.102210966966128	5.279403011054866	99.12963507622571	8.52095098283986	3.4288710200142685	
45.02833284389629	16.262072513500836	241.2007788453668	3.0235583717255397	2.3426754860139964	
30.517571098481394	17.29226600068733	226.3905415538263	5.846786344268934	2.936155147968495	
7.11028186549071	12.237196222669727	80.80341598911167	5.709653372500105	2.60431594629295	
20.022896122386243	12.24249107077036	162.26163042133928	3.269008556098015	4.698271822019632	
69.94527783916547	2.783669580867032	5.687511991410654	9.405495107211502	2.6313788258396364	
38.020519463722636	8.283171551656467	129.49813931294537	9.209446375335911	1.7620373353546666	
28.89634210734013	5.4540802786844385	75.74188298414266	0.655008215154349	3.7949031159122883	
58.62948201776609	5.022619186781965	2.7461416750830248	0.793166712502652	2.9694318270496374	
58.38429947815723	15.077013780874577	6.459910837200461	7.313694118905395	4.862578334607829	
13.689804039272113	5.97781913102992	24.42327547148168	7.5852971061266405	4.2139651132186415	
4.538889313286164	5.594102929640803	164.4936885261918	7.4678296246947955	3.747280023144489	
20.850567215869024	18.23688946423499	77.79428908949996	8.473597806977953	3.8034843209141016	
52.187108431330614	8.42251916730435	6.302246782547815	4.715504712179744	3.195959781690055	
1.307587345914334	15.996298740553998	98.32380851058018	5.897833062811153	2.0578727205354035	
9.795771953633494	10.570176072024521	208.9959180812593	3.84089437419453	1.688870025175483	
4.144341699060089	0.46180327525879195	174.53368216764412	3.3806869017430863	4.687173377109319	
46.650260030247615	17.481206625790673	118.4615742092959	4.557881015278928	1.4378544629001389	
33.59139874971643	4.639811900197053	230.26155016783474	9.689119398630945	4.7813892310156305	
21.40566634778774	6.383914568610159	228.50581807561844	5.513600012364873	2.0762700778809777	
55.59080001977067	12.914275611662402	13.414159918487739	3.536671052760928	2.130228681886352	
63.732453239839586	0.30440373045521385	178.17317783419318	6.452244479185588	2.1866632844070875	
39.61108407260548	17.762722680816733	80.99494614498553	1.4390264932021757	1.5367724703825276	
53.21135408329184	10.607806940102133	79.60687716719458	4.357761449308296	4.804859832519196	
21.57139860238662	12.65839284347783	8.555848491112656	8.016928340843247	0.05850186621771114	
65.6714179440933	13.985367963276012	92.62031473305859	1.0481639753474759	3.034896953075845	
31.56967569139484	4.884556097662687	212.1077979872437	3.493398927988193	2.296524008836262	
23.51395918535826	18.824629107291607	75.05477658155645	0.9565240961365862	4.754622338152005	
31.059036249318034	7.386547684970903	67.62495941939336	8.871903389856016	1.7672850437219256	
45.35454087633951	19.408757592655704	45.609650400556866	4.993285095941758	3.0873785596212184	
21.28054916397218	5.945163554152051	159.2036815682934	1.1475802043394467	1.5770595476027427	
66.74440602398118	19.571291523773546	67.33969174108717	3.0037120297147335	4.874918204661481	
45.66137028730669	9.462778241071668	42.44134322099571	1.103221630582153	2.6242956192699425	
15.822257392682383	1.9422026868560538	142.28376248446403	7.685826903777673	4.823676883191695	
0.006778191855620896	9.193485313917906	44.67781797580736	5.109150011242374	1.7647415276708467	
66.30907926273534	0.9756891165409365	106.6641113116828	1.4201633526806612	0.08202013581515899	
18.689016505655562	18.70774188177879	17.786289568263726	4.605093318529755	3.687162965040207	
29.411737023176237	17.32880819443569	165.71340844583554	7.821178182998015	3.065248716873591	
17.233022193056716	8.565390561101783	74.15293437640209	5.859192852351498	0.48165679832421315	
41.37142465740207	17.156999919232586	218.28030861495154	0.462357892459353	2.365879604732516	
5.11024852459955	19.67119964004304	229.3901357785601	5.742031221949656	1.9285038828306238	
45.88607665834274	7.811912801224183	19.20755443927219	5.1005482525673	0.5935583155045193	
18.325678811251976	6.695942039524776	135.49733736482372	9.334414292193632	2.4595995679614626	
57.21429391045146	4.721092841619732	111.79901812802228	0.3406108953118847	1.5539921205150504	
37.233514509999985	6.6671324593674175	55.62177218208847	6.447557722000285	0.3481752398106769	
6.5752294269131095	17.45837192703331	216.67331488249675	6.190562465668358	4.403038653758596	
46.685313444265866	14.798383015023994	219.692553635404	0.42666741809217923	2.974711999586597	
8.072009429590267	12.251527389685442	237.41124424116285	9.347903248643041	2.0202849278377553	
64.9424294425004	11.3936529366529	120.00609243776361	4.823771807490825	2.9054030908042576	
61.88757349086749	17.744800747657802	183.17142869753255	1.3013821233648237	1.0496348139790546	
42.40661533062083	10.75873352789782	81.89619364327922	0.23432672816541933	3.376543275245143	
5.892608290411986	1.0940601642396297	202.85640340720244	4.093121897218558	3.886619044148767	
46.45382569240051	15.713428957345123	198.58739741827915	7.920115241329713	3.9867826899336407	
18.740397358113164	4.324325707949228	1.23445685107465	1.6885308606237348	3.8262583217897213	
13.762470492438027	18.910660332880646	73.1118548868733	7.523044368475893	3.5587782714758758	
34.435474496677585	11.884666062409046	90.6431509409332	2.1654356954270493	1.5074734432417465	
9.87079926486769	6.005681613156046	101.21457289389899	4.8074528533218555	3.002672157451057	
14.07679307878886	12.688991466031718	154.821077480981	6.587832716419516	2.1079376587848664	
22.46668628528346	5.138403703965906	45.945650980560835	7.637642501684011	0.3358810480318114	
34.73573539107428	0.45632120681053934	113.87974649940999	6.040819492175542	1.472731235697677	
60.35780697190083	19.950071715567287	221.07937295727712	8.207782183641893	1.107954274658494	
30.557053023331594	6.662567090056795	194.52949872579225	1.3854181198907878	4.274717743137689	
54.94384402607113	19.298916055003126	18.172158912017593	6.668387551022149	4.188374796891183	
0.9151241219688477	16.52579508778579	247.08806139534977	1.959551455441918	3.5652594013030807	
69.37714472636726	17.41892146436341	94.55007858084524	7.008956171754433	4.753469821699811	
30.633277359703822	7.033356606543406	233.709639966842	3.151209295329145	1.4024786518470296	
37.3352132587466	14.790146741318882	178.74418919320465	8.706939708437162	2.7442548328463228	
7.179147236502979	9.22167105148533	20.653591583109808	7.753769627744406	0.46364818345944303	
66.25958280687553	16.16637805899416	143.04428051568627	4.827299570576329	1.7599325749178947	
1.6597911099736828	10.875285146398305	143.48026994128577	8.65078655740454	3.104937621656503	
11.532341288551937	1.3542539590373792	228.9185935795585	8.642719125239275	1.5881744787954177	
39.32956031958227	15.934843700844837	131.246537026783	2.0255524779228296	3.6493537853502955	
47.2708162320518	10.949860610133495	83.2942266910294	4.10529811316493	2.524394520176263	
36.105303486423395	1.6563387690576992	128.69418163877967	5.363051236793809	0.7658859084401248	
53.133033280211045	5.249481770244651	77.46581108961783	4.5846489876822645	4.7935042444329925	
15.994957703605762	11.901660819844475	16.31459975197097	0.8947973181044966	0.6710284312306303	
39.27210262135462	4.681358707752601	196.16150376353337	8.65036408546224	2.2018660013050857	
25.968303068172297	3.720723281141225	31.69754437786046	4.959077854191863	2.2371120449934296	
28.083122436299504	16.938452656764944	22.244830950177153	0.6552933999827082	4.529657049250917	
60.18456979397903	6.2996755445138035	242.34408262452828	3.414368482216814	1.883049451796056	
30.035653530323092	18.182428798457703	40.799231237793194	8.93949460546589	2.924957691906128	
53.512347709977526	11.371895161303382	159.52674333608994	0.2879994341838654	0.815556841888892	
47.13239744509152	17.646833999004954	134.61837264293325	8.52131088954193	3.6320696323793222	
56.68996297141607	1.5863478628591299	247.5258868816676	1.663000496323751	2.560909055737481	
44.344620956259924	18.43920213999964	208.01483878879776	3.9422332184313014	1.0503108233278802	
60.92936502137269	6.115191816465098	102.15087574841029	4.8137432429287665	3.1830320899999194	
53.64808470238028	6.550245857398071	195.16439957504005	5.065353107679518	2.042280643101627	
50.70016584188481	1.2220266101798316	234.6494720034681	1.0596435567151485	0.6265106350116101	
37.34100800729311	17.748356003489626	88.15658225461418	7.562789775243411	4.8484320013507824	
17.489235391095974	19.58243295955009	211.6011185774578	0.7381506161012052	2.4227205760084365	
60.6645117701056	18.940826736144196	232.67298128147152	0.7253460864843209	2.9827503412582113	
3.1117254910502714	13.816867567138809	76.69998008867374	7.575687967065594	4.418695626128365	
67.90816480739565	5.137726507010387	90.30258462939958	2.316404616681006	3.474656941705445	
13.23672241200492	11.323684948477021	224.38688079954227	6.688598053329487	4.15390860372357	
5.886039153232591	2.9699117667940023	200.55551368760587	6.629961222428827	3.2241668841864	
6.748395691960981	6.51531940458079	130.02375999994882	9.674761282663091	0.04139083853798242	
44.55248196471741	7.914922765292609	230.72111461062931	2.8503676947998944	2.4177468551701105	
53.314410896498714	5.080897810519089	90.54789581042874	4.871088591669745	3.4952563641151797	
11.621161047265163	16.735912463447782	164.9577335696978	7.787496418717809	0.07171210065433586	
68.8278596750516	12.200444111480422	170.12322630188422	6.209785829162512	1.8669990772041223	
44.723324702772715	5.920618377196014	245.05584942580646	9.753965055798657	3.7588832798881895	
29.295762579606127	15.345046932053625	86.83559804731095	9.345066145530348	1.9398393072371305	
23.248032747469512	5.353944871063325	236.40805097605397	7.5154941679271206	2.1342358072774186	
19.381275601422306	6.6140002953625565	31.031659832230414	3.1773326922176617	3.117617417879938	
20.067054833825093	8.298287877821872	189.68229894571826	2.993021128740594	3.2910052852050202	
42.364437596025965	4.826269407514343	222.19794727180158	6.295911796949957	0.9877530323894601	
45.11316723525281	10.126772402516568	110.13795710134774	7.224108654580283	2.4894176249453217	
32.71922221029713	0.7235835755365128	39.203712756982256	6.192036087108271	4.588608890445055	
47.59787799078923	7.340132886126383	158.45590635473258	8.766804254012122	2.0596392078144494	
50.8983698229479	3.191588078969716	63.85571889786101	8.032378138692401	2.2610211966665394	
21.529267613034634	13.709454269126475	221.21894114751717	2.6017272492050445	0.9240609839972291	
9.596457975788997	17.3938859083526	35.60025168323444	6.764245412641276	1.1631496485067823	
6.899798187142762	12.192222366505847	230.51871304766055	1.9726168416267142	4.809986953611826	
61.16004083894524	11.0194448171511	195.23385554261372	7.20082812057378	2.7453304092739184	
24.872637828683818	6.964751649712646	88.49937823606788	6.435282616189875	0.7915459646777973	
33.23395453346773	16.02931605864048	162.59355665426227	4.473118574622216	2.509222670167003	
37.84050262114077	18.746334379988102	68.5955349082843	0.6290978688957538	1.4719268199789515	
67.42995011966211	6.529310829005817	68.80319929885492	9.302611023533359	3.6503361340331293	
29.964117992519657	8.853811541719486	190.5164456278967	5.850142231482628	4.103222530091118	
54.686936027208844	12.88329725072022	15.276873010973857	5.254070329162346	3.5891046924418983	
32.97565706253543	7.176997343767566	93.2309564641492	8.731351935028387	1.6203360685401025	
7.91166028881084	10.944605645729235	195.84129081461586	7.018093834870553	4.418696253748459	
42.17752907218857	14.337299142376715	196.39933852167832	8.731457598864367	0.9727345062149972	
11.043342060528778	4.193513114618844	4.365744971015967	8.584432563378698	4.977821231930362	
22.760050591099727	2.6446411268153835	228.9270900255978	6.123259001105341	3.5965867090571235	
17.93363891763148	14.268600135352223	118.09204549699287	5.932519905281626	3.059205548081903	
69.84807322183349	0.9165719459693311	249.75093505964594	1.0754947977527474	0.3999912937611777	
12.063361939258861	10.815077279152147	133.54416131678937	2.0376827381645124	1.1391794876231298	
7.317072026048494	3.453329936247329	136.57236009359139	9.860970868587222	4.888991451455315	
66.57925136554958	9.632591488630876	77.08374410239183	9.714607985514142	0.08974902797194984	
45.12821015167681	15.02773955398802	41.704962256876975	4.65300230253993	1.2020071477156502	
24.01028983889484	2.0270063310883546	87.65182366928583	7.336705669952115	2.090617150001306	
65.3358185450111	18.659222297820484	0.5653303974055557	8.373686679225791	4.640747438609301	
8.37509652081919	11.569820967758366	211.9488640266533	8.908622214826831	0.2647555568697746	
43.559814190699484	13.36283633963415	155.5620279364297	6.130375558460522	3.475645721239718	
57.254330632952616	16.54141062186707	188.36689643975524	8.735664025722292	2.378929642192734	
17.924255464282204	9.629202654071907	144.05895440994118	3.254447453586632	2.1847966471047457	
18.85890078332542	2.6940709481561043	108.71080542610446	8.091913020291488	3.568211074601596	
33.64517438238821	8.56768194082262	159.62561961967373	9.486075100301507	0.8834599845762597	
67.39360879470512	3.620276229372963	68.21003608153225	4.534471081776044	4.529890600350814	
50.25599378026017	2.4603550937631224	239.5980215138665	8.996165095678442	0.5338514942751466	
35.36016295562644	17.1036610944479	72.65304720811139	4.534645159183279	2.054356747012083	
14.783068977407376	15.577066717577662	10.87704415647353	6.598815034928326	4.238800401560406	
38.564725101836785	13.436888080008325	205.93936018281582	6.768876241297054	4.426027448994142	
51.195998514664375	14.696708605568386	1.7909787478166683	2.417557568221139	2.971315319064916	
13.31250155691081	1.5822107179839162	218.83033051520607	0.2216285757815628	3.3527097014412846	
17.831645544686932	14.635988204861125	134.47935113104444	4.144175778107274	3.538488278419385	
34.711508982949724	10.974910771664572	84.62940390966284	0.41472812207687837	1.4848260527658497	
31.07573353265325	6.517354227417695	6.921803304965474	8.424004304319311	3.7915339251294715	
48.56178018046258	11.449209451769931	227.8091879260453	6.350658470584348	2.1624548040853497	
49.021218009659016	11.51552590843325	69.9134726202015	2.9521132095776306	4.428281991833836	
2.835980983248574	0.4589686790907521	112.94235152577633	4.248484420456177	0.16673282443347204	
29.54762128191244	11.505463964087351	10.047233669088495	9.232515784890916	4.941915887130762	
18.09922895127546	4.101811759526637	40.9941634813851	9.046029296766537	3.6116351280881442	
68.19320953744996	17.44357219510187	180.5683073250214	9.974257491248473	2.871865078267277	
37.2443340070784	0.4887509385733835	32.96519126819717	6.70156616501611	1.5916907095246513	
6.5556830304682245	12.239755581732082	107.73952708742127	9.743927622569684	2.847727597269387	
48.01318789419657	9.750589862205421	194.47707515526287	6.809494566888378	3.997270163141919	
58.81199111508465	10.580838560391893	76.16924173135855	6.210939065427704	2.4711057288642975	
1.9097559947189924	13.960607548931858	128.69831588511434	3.4519626217072985	2.234732419936961	
62.00710765691138	6.748427236070862	199.5951080534223	3.1714474201860456	1.5778088747276564	
30.513829099880706	9.056598045667632	172.0375244069365	7.016097678781591	3.1410803154243725	
49.32319662026519	19.31872781363178	22.774771009987592	6.4506158656370545	2.5425638028527073	
29.56768953277465	0.057899726186438905	125.03680581800563	7.508097668233258	3.6140352620312015	
54.62211782273387	5.145710413465714	103.63234806218652	4.954812957148047	0.28269541033016377	
33.12272009738551	15.722024219892955	46.4434007975468	8.274998708842675	1.7953467940043633	
38.692048469374	12.919391722105775	14.896907116428798	5.792095646300578	1.5483605680299735	
7.209822316831977	12.457101131906425	186.17455621802932	2.094870543765097	0.12619180502301985	
30.41111800427937	4.547053436986004	72.77243582155383	1.4357103992552689	4.920168305471597	
10.87732286553054	0.3479796001424651	87.532880870112	3.5803320433073216	1.8020481102542658	
30.691427742356208	10.724474112006583	125.88359301673249	1.2020723909059183	4.884119822486397	
20.123265015887178	2.8500102599509525	4.313096051375781	3.5233275637532993	0.05881905555562006	
4.3297463987094	13.642546272935679	19.140362901760437	6.869006105721558	1.5975415359501444	
35.949157505584715	18.11450446834897	7.946434472911212	4.712282867895647	3.0814035770775314	
46.08362374046952	7.645022680132145	140.4810876524371	8.753658153924269	1.0941976397245778	
10.430323898194136	3.350334204060541	112.61721404396235	0.43631471159995994	3.981762426486587	
38.52842530214793	19.975803565515225	218.79879390623964	9.555320677259752	0.040593124103562306	
16.94449495166331	18.557165967678163	240.88921982436364	9.862989593423286	1.7883691787729128	
54.47672983565728	6.173838309339608	79.1757605385778	1.475168460283196	3.9523526521612817	
28.93738929124686	16.221638771700647	118.15925960090706	6.034631659419933	2.7832302318788438	
36.785296028882634	8.974767392551211	99.54519579569252	9.034867374289448	1.0181408415091686	
56.91902159005739	3.1066895466371247	65.35175565726634	5.94540020635423	2.6313373957716024	
40.52747725271295	9.922956846052296	29.53908572605732	0.6775361338804986	2.6319239916488235	
10.498260082569892	0.555335615813688	5.72410179949065	0.8743201893267594	3.403604658429944	
53.53510150898438	13.088230504596742	220.31703049647967	4.309325815857672	1.2895468464464643	
35.41027708144541	12.19714897406179	115.93526205841076	0.7499488830563417	2.2557252290281395	
18.909208397749406	4.225325854046309	216.22214528166015	1.846103467857817	1.2391977138559458	
37.467909572029136	13.897176241876029	181.04094609488993	0.9152071203589218	1.0225397286574962	
45.40398414265039	10.127753693220773	81.59140886406979	1.956578082950785	3.167592222647807	
54.11658609290585	10.927649427820764	146.3387540544487	7.1714126032872265	1.789690651549369	
42.58082074533674	18.294519213110014	191.78220022957333	3.41484546035026	0.2919767735919032	
47.72816141137186	15.034216725433083	80.14471574409676	5.651498467580495	4.3047341354343445	
38.92046163974064	2.9595432424706303	154.612879813723	0.9438655213506408	4.863173277420698	
59.367565926593954	12.362216830899921	213.81269597355777	3.9574255858287377	0.42900427679822273	
0.37782202561848277	13.618777618432247	137.49755657582077	7.428776721557899	0.5209227511563042	
24.83338074616764	17.970573782761416	111.34927251206949	0.11786946835119272	4.295071959180438	
59.915698287207405	12.252596153997535	44.59903152605632	2.3218767780252025	3.247556695711756	
32.393357684027826	14.656712550254497	218.52973613327435	7.758929187578407	2.5877517074401615	
42.92538596302913	12.121407420725777	195.78311416860024	5.8459522379139255	1.8176993202783587	
39.81190927091164	12.697843936197117	13.175444925256297	2.302300905409329	4.305418306050408	
18.529229452395896	17.13432938094636	191.485335285351	7.279375589638817	1.5263829379143186	
48.49683324656455	11.28613470668417	221.73169787001328	4.264423689823058	0.6227357057838179	
17.02565880331233	0.27943357915237277	104.37663787000164	4.030635889938475	2.406800492969822	
17.516621901510455	0.2991775045343492	247.7841733679484	0.43789309430134704	3.971905469594857	
26.202412672615043	14.398800921452068	228.45643814578253	2.0825164847431687	3.0789503643924983	
46.97906563089009	14.672416400513137	156.66815200418696	4.381609055485457	2.7474935124627313	
28.348432356100755	10.786370499593897	244.43985806038836	7.846744121653395	0.6607803561161357	
13.250294352030838	13.682558519171412	202.4221889038931	6.741203040993936	1.2685073374977585	
58.505827793015925	7.159646115776295	204.45970079053242	4.924481368361943	2.6192919951357148	
46.352939768047	12.62803668939154	231.61850114560528	8.860123918346035	0.6171696373277341	
33.1973971546068	8.67440606308379	162.61054796787212	0.9279075388625835	4.929239727611259	
57.30363370969752	16.609829116429196	69.75885806779728	7.041511149011967	0.7245821532287094	
41.483652527316096	13.470486180287718	42.979001960205515	4.970129182811165	3.1495766075983758	
64.93994483758657	12.314503962522398	40.57832210911744	8.964435672774083	3.3022004771897557	
42.51215205077068	18.6629832639569	24.31065585737624	3.6431445993986245	3.363690199332028	
4.416795462240104	15.056092317514922	218.52261519682529	5.022002529659404	2.5819947461697064	
2.429566927982203	19.5408571367434	145.60118506471528	1.4614260122524403	0.13971296119013543	
38.03132520732303	11.879319020429744	244.15906008126424	6.899000521287086	2.63148754608463	
60.50499250006727	12.181854075861656	12.720206922801069	8.138533199747362	2.532296063458133	
60.60998879203328	14.12302871984102	10.323016132821717	6.720587670723637	4.478687558250772	
15.174095730855937	5.383201326807576	42.80864006488475	4.082029628001975	2.4309357922753434	
14.427827978035412	1.4403192592684322	40.96759936632652	8.765125959292595	4.660149886747059	
64.40446217389137	9.258810687925578	159.25358882103802	3.5335864724682775	4.684274360398824	
53.96832273320527	18.688960851737054	168.71016067163987	2.2207332231525037	0.469570150344748	
26.68937486964242	15.756921022256535	157.10791464950685	9.43108123421682	0.7676146333728057	
68.20019498409238	11.582253130378025	196.86672285896623	4.27358986577251	0.4780815128727245	
63.64090514550784	6.714937997686166	43.26888536761281	8.317285897751042	2.54997966425623	
63.42382151333176	3.0351849458507174	106.1972968399765	0.3532542344914935	3.0824657746109683	
31.36535751028087	13.640317965900593	207.03661894413148	8.731961804318807	1.1563782773068143	
38.89416272420328	5.025728730398531	65.16577455819825	1.4477160162069647	1.4986808892300978	
6.8112715078467865	11.123686740128933	240.45637995273177	5.056887631580782	0.5251618834900312	
53.50288951627268	2.601652171813209	163.57309290240326	3.0945199555024008	4.036642224432115	
32.30472834175548	11.900130912146839	133.76120390761758	8.920290689729368	3.194909534506059	
41.90754652520018	18.15271487142504	71.53863322580104	1.7743753415430752	2.991493704649349	
16.649156775357717	7.617445686248061	128.52785460092488	7.317031771647128	0.9533214595885092	
30.57532002450202	17.1388522298358	136.625389128795	4.251918749341863	0.9626180441061866	
44.078157146331684	9.455532259168786	4.319901649743551	6.582363875414129	0.8496622871642251	
58.78313066556398	15.382992015414331	23.725787919560148	7.5601764077222455	2.44337987797196	
37.29069691734777	0.9105626990470772	73.56758758298795	5.6401908933025275	1.994635896061983	
29.245589805557742	4.016831728563979	226.93312453639868	5.539347063657737	2.3067639381182325	
6.931678238986115	19.383083271952167	89.80284652131215	3.5775795732078244	2.7183806985103365	
32.871514448349316	5.24241619763025	241.7038082235327	1.562703509563489	1.0243811663277314	
2.993081856218037	2.4653349521880874	32.76875278128124	0.5342350763623338	0.5028719159601647	
49.809154186869094	1.7141327069890622	106.6540386873244	7.448307995416038	3.9335951567071232	
15.188116290449239	5.090221869091669	16.518133504932475	3.4371587444893814	0.6551334051913293	
48.68071115396119	8.429308953402446	6.36242896887132	7.730807197511844	1.3953056614889303	
36.17826781843748	13.926582045132276	8.15878770806644	8.982255144588471	0.07460073669930067	
22.48728290268327	18.595859172541086	172.04726621452346	2.2163341902556177	0.5217729793488235	
10.39485407518048	15.916486284933848	148.71692480651296	0.7611393158443591	0.13354360637104934	
40.33078583686151	14.735416091575683	111.31371637119753	5.658966301606912	4.329199521170665	
19.653316036006856	6.735494642036004	243.79963089144326	9.261088271701663	1.7234781666778893	
67.63788847655579	7.92848730060139	200.5348962171323	3.01332716382157	4.738033370147782	
18.7253514120311	14.772050729241384	55.004362757944484	4.824812539771521	2.6635296568389966	
56.882261346407326	18.200842596975033	210.1018131205649	6.397914087347792	2.5230503902538874	
38.6838599953935	5.481190544291154	138.4425523103057	2.5727373419540145	3.0083503607244726	
31.046574663806123	1.8713151452762111	73.9523590585581	0.8960101440364487	4.342126937614824	
51.731010267557096	16.76129311858101	12.319493209807659	1.218365660719457	2.097986299918076	
46.88007015332527	5.289032990399809	51.18861487393681	4.481031272692686	0.5178686007652106	
45.53168099510241	17.169453839568895	48.59479894428797	7.073518895252651	2.945208140316906	
12.013636733085505	1.2630419416920335	245.1312363359524	4.549815075138122	0.9015477039416098	
4.5780916725782825	1.7494726469486976	2.562129491740034	3.063875646418903	4.863094914163753	
40.69563623397428	5.346773770558992	42.20686442193572	5.941497898448185	3.5958499470632646	
21.378494333261933	7.204883453469577	10.88319418336936	8.015750773826054	4.428722750873359	
47.32946098149041	9.054010501431371	54.356638769410715	5.182306029867856	1.7542391188789364	
42.60078242940505	6.5994834342883735	164.91147848954063	6.948206347919271	4.16042161225998	
52.14515257355391	6.066859985436213	232.1043856491342	1.7519756529168817	2.406235544200976	
60.14525544321087	3.4674239614247226	15.967529523601836	9.136172554129345	1.4615879539684862	
20.676708091025517	9.856369069956886	171.99323913890439	4.054544609502944	2.0096018631367425	
44.58572872172128	8.883874839572314	77.21410664565425	1.8273254156875751	3.8848564467698554	
58.182359627298545	10.186144934197777	230.10372859116993	3.348593887017224	0.6126010099185508	
27.128226042210123	15.741642781807311	195.5426993206521	5.434057931793175	3.9074477683845754	
14.851153667375163	2.7598868424603706	217.0860242024021	8.829578230845517	4.3706848325731436	
51.53463486308505	19.171210021398725	56.67181382788422	6.885624410345508	3.9521309666485505	
54.50525192666378	1.0237011676876961	24.663517652350947	1.6509033089314917	1.4427725840923877	
69.92807690635095	11.203604817868245	233.56526117683873	8.789245692809537	3.507548461588571	
34.279139878139155	1.6228284293750517	80.09881800311241	5.612761879912275	0.6298733381656901	
13.950104424087984	7.264104186065838	163.83699340342685	5.717696678223931	2.202072602736109	
9.309186934541634	4.920252178588925	49.54016127585881	1.2185517271541324	1.1630051737944358	
57.496947264622705	13.119682281667648	194.3953652508679	0.027839229427693013	3.7014617960719365	
31.35070888742022	5.090535633246624	229.5098119041343	9.716740118817931	0.5747618525330417	
13.771660749507628	7.801711517706615	27.897240673407154	6.962608891487766	1.952699963762411	
46.701967789553585	1.5322436986128385	143.27346205381426	1.7654717723711977	3.7862308709626777	
57.71703790612551	11.92145118340662	138.1042252712555	9.99885230019311	0.5424394653130327	
12.542281857990119	10.807707537378677	81.82902925975662	6.192388022511226	3.623954298714383	
68.17459139073317	16.66145759570029	77.55863119181308	1.4239423939820517	3.2493515293925985	
18.79206463966072	17.663349602270813	181.9693266163897	0.34777123756364214	0.9860760315369549	
38.12266802282941	2.4583651822999197	147.79189975582437	5.925153772094797	1.8434477475761712	
20.619185590118423	12.038301168310223	70.9842505586852	9.620861056970982	4.3775679414521615	
0.5357094454372424	11.508116749079969	175.60729084262442	0.5047977919547597	0.34489771221577536	
30.94186139568287	3.230019728713629	215.82002892374925	7.399795838750537	2.773204910798099	
35.58966455952484	10.17969502372052	27.205502713664675	2.6840331566252007	3.723269844574541	
16.233691812686647	10.22245544118151	142.2339403539321	0.22615875577350675	4.26904181488535	
25.940530956037815	14.831716579924954	45.073358461444165	0.9950968440438279	1.0860963826501113	
6.256014956603484	12.878347113013387	21.589559484563146	8.895228708760527	2.9843049190264392	
5.838292467629746	11.421758058460185	71.04703606261958	4.274050378866824	2.6287232224498123	
64.2692299467696	0.16506268994394224	4.31250673597447	2.5525611698335027	0.7579262507995022	
64.7882623318977	14.230743617853808	147.04503685459764	6.599089469816724	2.9627369627431532	
44.62664606683912	16.840495170986657	51.95673934192613	9.851446568373138	0.39290568835439577	
32.99261660616768	16.11678987237075	24.641497741657304	2.3682814707155564	4.007070689726322	
54.49295655992551	2.841633295195145	134.03818134506244	0.18387664705837858	4.8220745153537115	
34.95622369171393	5.590952754439953	25.354733188858226	3.7671867599723763	4.875808803076516	
12.36070817615152	4.254976906198036	76.6216701522294	7.42241368383456	1.118389294516846	
42.007355395974315	6.911757932106459	152.57850074756396	4.943465655457504	1.44200253257649	
64.06669295317386	1.4985611540789479	126.63492539184065	2.1108594400278182	4.323037183801709	
41.68718175012819	14.589403787651332	44.24581777210418	3.5673464067487437	0.9580394087882799	
38.8861325885878	8.56961851329135	0.6183517810168515	7.033167065881044	4.707302870252218	
43.836241495826144	0.6396700741851657	103.7683916682316	3.405874709636029	1.9673852838175343	
25.150176300992356	13.109065583401996	63.93526669264465	6.442905352303484	3.4357828820801513	
3.106177974313921	14.628463926460451	59.741011543494096	7.2339776958051285	4.4627232307996385	
36.80100845041306	1.154346830234334	196.30471640963015	4.475400541086591	2.9331882730265217	
39.49055527921314	0.0010583891197279982	194.8987461389956	4.746168564887877	2.271561060028762	
47.60030806193484	13.166440295430583	88.92760709086903	0.44989450085276994	1.784118878599537	
17.14844574510492	10.54881189701564	73.3908763423608	6.358928360380505	4.556409509484872	
12.261865916489498	12.052842322341771	124.27466857909916	4.672495329036858	0.06653656270745822	
11.154800885203935	11.037343728245714	57.10303334396641	2.3858815346398	0.35691690730936254	
65.95089791403761	18.231940658349533	180.697063389875	8.028902583896551	1.2082080710698029	
44.709684807613066	14.824323485923664	166.65827881398994	8.753920089096347	2.5692714941288792	
3.0024815786019508	11.143578548632789	139.08673239423013	4.7607326709165605	0.571296368608365	
11.551613709838582	6.277829281562459	100.4567366859071	3.0787314072871688	4.82508540141599	
55.999296830201025	11.58197800039931	117.87317859576014	4.781788074185678	0.5632698451451768	
13.071800341789672	0.42865476059269936	180.3702133040328	2.5411787563204125	2.0455119156492336	
51.29278715727901	15.79032447681773	234.85963558260883	7.214093581392068	4.1767878364506466	
26.65964827464033	6.860785115590311	219.14456053195286	9.270382684985051	1.7749960321261504	
27.181910922243993	17.08193684746702	198.92678941817334	1.9241931775278487	1.5832698938463485	
69.38954980950854	4.384759384787847	29.725355826709986	5.816306901776991	0.011791741586573146	
18.70801348991421	8.15081368650894	69.76556687426408	0.7772402700219938	2.1091339352502736	
41.019672002343476	0.8966581508776472	227.22113608149735	0.6246824813665108	3.1464102724645286	
20.623805894710046	13.947189362129999	150.10960725078408	8.572549575741334	1.1500220162162267	
53.34428325895363	13.742448994622364	99.64280542530149	7.179602381114992	1.3204841603861288	
50.91274201288427	10.807877322611159	108.5183239390366	9.05125934191216	4.189689328908965	
55.16110878237431	19.625892771223395	116.41232087338798	3.174073285879474	4.199491148977652	
33.31558035534756	12.022273232442345	244.23291166114163	8.726829348618434	4.310425182319802	
40.50581435522335	11.35920053487116	15.524772858170916	2.1500048677885033	2.7631037554663855	
18.323321006577988	14.001288395691825	174.90876240924405	9.052459184206715	2.2463601636053125	
50.812417748897055	7.9468803568074176	223.5472850433843	3.745682657630188	2.6959009495377972	
23.928094112359126	4.608644440559882	43.3799037689204	2.8897315673574853	1.8429635039901333	
6.306411090681797	15.063449251411287	218.0416693293657	3.018493742370394	2.1736305353067658	
48.767348599956385	18.343325626135396	72.64999019241891	3.192267378903304	0.01905386567182532	
55.16736651500356	17.409367526463697	80.05292457309662	5.427064867493848	2.954313660858623	
22.85368451736594	17.30805963417097	177.76460181115826	0.29071748689013965	1.3026762121814701	
0.1262394277831913	3.597661692110763	129.51119516741718	4.709448665583419	0.6187053116604768	
66.70679776913622	12.910113223522732	221.8094920501712	9.401603046832992	1.352123853026732	
62.69564865704053	18.171522762957807	30.57417396169995	6.053622791985214	3.20763387242273	
20.01588381128607	3.549046815118413	135.9980263929409	5.55791742479448	0.8961556939305498	
68.13073342448558	19.430439628092568	220.28861919611197	7.563898296924899	1.710517523247157	
39.9252407171362	17.733337723271518	69.90768738494089	1.2040021470120887	4.940396838978282	
33.87198599191869	17.00115794718442	43.24573293768755	7.086378985916792	2.097317963270893	
5.037755104284307	9.716961011688625	128.8254927810157	1.2997475658971636	3.1469296252502463	
15.186182686535885	4.344071048771838	97.84931510212367	9.185489976825046	1.6433330915982673	
31.819744905424653	1.304613329940778	52.72713569505666	5.634377569924059	2.4962030246511917	
17.020031351873577	4.370254275012277	54.091112972414116	0.620987785556596	3.3316485736678887	
46.49691023154094	18.93001109029231	99.21018098503329	8.334453054811213	0.8076659438880912	
6.823766796866116	2.2280584195660302	1.1550175344106628	6.753672982397944	2.2195905188224656	
61.21757495344369	11.482852047116566	28.09962984925371	9.562067586868094	3.9555024358369932	
64.69835166316932	10.719575284396326	172.7152104003483	1.2973232196308437	1.4314636194951031	
59.28606806551597	1.3206954593484777	139.86950112147332	2.1553059762462965	1.7496226292366073	
55.84130746298944	5.877418437741824	165.27875731849326	5.989150575829687	3.243612633473923	
61.89504629718696	17.79113255467361	149.2993173596412	8.68153798027953	3.259599431777311	
53.46593993913919	6.040909448751464	98.03630045897526	4.374877059696775	2.2955626156528823	
36.74036907589823	7.9648260459084135	117.42744738894426	4.72039684274621	1.7115435736878486	
6.052632647283465	9.877395154105308	20.917655506333315	2.95033970207946	2.3577807033211	
19.99628219955642	10.545754767371502	86.82419492524626	2.897473635724479	2.1517344375601115	
40.082966708396704	0.7122332855046887	178.44151123153	8.032896498185941	0.9509731897108337	
42.679601131316396	7.064730669363268	217.82239205902388	1.0636999125167013	1.1831638318881015	
60.26936656080629	3.239543372534741	0.8947048894875076	2.437609096902756	0.4466228516578352	
56.49988158857912	7.313515495693929	25.924516698354548	2.3523518659597107	0.366707434827071	
67.49008096946906	14.225644586176003	140.93455199591907	6.650229164763701	1.6231062181127986	
10.910744103090824	11.646179640639318	228.6967766174147	2.470174416859038	2.8517434135986806	
51.10645601275037	1.0341390007701379	101.63947619290414	0.6945520095551172	1.0749620027041151	
42.680567702362374	14.486309373426806	215.81863254354124	9.982356316793163	2.3689929847095375	
34.099783627291515	16.510626057691542	224.27929481576717	4.911811211196746	2.6469621609475946	
7.104164450301452	14.37275784551544	66.17774534652968	9.89705912999249	2.8297870006503634	
13.003645027129316	16.31080858258432	29.7239062034603	6.841601227762647	0.9552937442345527	
32.37959971381792	12.587576530353648	154.1823843619361	6.090924862577028	2.9889089978356713	
44.9018732796892	3.8666375680532683	133.0227566565073	7.277904640693693	4.68392854478477	
34.27405917740423	1.983848951933176	99.99228499790291	3.526871083413745	4.468513916283818	
40.19655577342631	1.670815123336029	154.07673286445396	2.0827299020853984	2.360903969579567	
61.496605162207544	1.2854040490700447	28.383272721007184	1.8198843760309857	1.0484924244421023	
20.567557758649095	14.75658227875207	158.85239302788563	0.5673118416353251	2.1292770056140142	
1.833386271035703	15.570274391987443	157.14100296068253	4.587155428173485	3.10479470065037	
1.5372568129456565	1.324794902115094	178.39549752518275	9.318831521173324	0.19360242808026895	
2.0876269100221023	13.542572753073577	1.2790517223129072	0.9015451240360495	1.5686758929231437	
39.368387719459896	10.884933415403022	114.37848934721728	2.8210637829775234	3.7110165053757376	
15.180010892189479	16.69343626789392	150.63679830686328	6.3569178998339515	3.7162588839529738	
17.534716125632514	4.0913714222347135	167.79432820162322	5.770921282103927	1.6043842577225875	
58.50759412392107	17.461478192838356	3.317042920003482	5.750141316269368	1.4031540992934954	
39.7907543095747	6.688228868567241	21.3673336495839	3.304312787177628	2.6628261107587177	
35.935115812746275	4.544012327785241	145.6143847613995	0.7696712956218499	2.0619996007418613	
61.68537518042343	9.404855462092394	90.57571367393197	9.893446643510865	2.0089460599401052	
48.79057430194163	18.513817289579833	130.93927283564582	0.8835215205688018	2.7469051516396963	
57.582596880294176	3.9262929243255607	139.5650900858593	6.081335639434247	4.589814850915842	
41.465885145545855	3.90312457439268	177.6709179477476	4.63596508836376	3.392847105545948	
41.90960831198844	8.143944662234766	225.4335463179545	4.344527514503066	3.5962429196806083	
17.156891962993008	16.2705321929299	2.940571533192382	8.033521428605502	4.558184521446267	
46.75660050685276	12.226123999825669	65.90191113865282	4.8855448364662335	0.4867398211764956	
17.23675177865084	17.7303783788944	40.37138747591454	2.5844170247251794	0.09199921510951836	
1.773189746971946	13.776837721347995	177.7302387879648	8.14721900079896	1.6383743819412278	
25.686124187630273	15.891326601215399	192.89478273621606	8.894197702113553	1.1910858769339323	
65.4554931627581	2.4245689985224184	84.32468557896064	9.37345531852955	1.078644951462206	
55.03098956608337	2.666377860830278	122.2385480159695	2.8875474001307264	0.0677333435647498	
48.59283824467119	8.643208561029132	131.07542843549032	2.6362187027364916	3.5727027195612497	
60.33288581936976	18.64792657978718	67.21893238107849	3.416425897853258	1.746159446820903	
61.85970080136956	9.525279718378972	55.6390770123959	7.689955212690309	3.349572551413002	
43.16136826304056	18.669962536916678	172.5881577598538	1.8615404338256025	0.37893470809555796	
61.05824427825049	9.660811732412814	67.98343493630225	5.655149480912694	3.0968027289768267	
25.656932592099334	7.9257544666821556	193.2014169020257	1.0537030676924974	4.1706640617846205	
69.70641720594625	14.961105428814323	61.81809401080318	8.270964229893904	4.021915073985615	
55.174056843399164	3.5814603631825603	190.26622581933577	8.84722268067846	3.7013028286884313	
50.206004501704825	1.3546258621488838	244.14240648473537	0.5742978904469731	1.5964430181598166	
65.20044369870371	3.2131959547240174	133.6567155939776	9.740997154319585	0.4187033842258725	
60.0757708947283	14.474336820338642	14.95691929005466	1.7758689270446637	0.6105663818634888	
66.28088621234889	0.0022197217616071185	176.99023179249653	5.6527780436730835	3.5199649757620843	
66.01370604792008	15.412612853100555	243.93636828974383	8.904884994905567	1.9745023445289367	
16.716116619455033	4.822735066785944	230.64759734798787	3.4884365046499246	1.3540214446506877	
57.97949591170134	15.890517242419154	127.61259874007655	2.848139574498507	2.654985163667176	
18.62615792790475	11.244196001914782	232.67730131852036	7.729809151353788	4.560192743606014	
10.435698617616142	12.10458493931567	60.99938207627007	7.345579075677485	2.8319806855136798	
10.794405290634089	11.494481948195341	235.1280082660152	2.5588454301866213	0.10742579315290157	
2.3598089914274842	4.351307791319716	223.76433336640204	6.972276750935872	4.568791523985042	
25.641657038147503	10.718522643719805	129.01557545254062	3.3791077973289187	4.996538209985469	
64.82755112854294	7.6291779600786835	109.58410854184139	6.979047265587305	1.8773054807023115	
38.83640047583072	14.206026289750254	66.57228295464499	0.01869430637477243	3.6459066630472914	
22.698989383703637	2.3141831879011265	104.80836804938886	0.034902999832550075	3.356562951874056	
6.016140396781261	14.49678747923542	40.261859048670274	4.777123376425242	3.183477594786859	
53.99912353052693	0.7553202889151311	94.1288176647237	2.21748375830693	4.158143423892112	
5.443153337773207	3.8947163301747967	248.87476855815657	6.073974707548335	2.694010732339618	
67.11372261555584	3.199228120179065	44.189602961843235	7.971427451836876	3.421875412194622	
47.62762691290889	0.7604803984514152	15.92548998934168	9.677719828723673	1.9255018040889815	
31.04653120788074	5.346170510131518	199.6476696440112	6.402813202581614	1.0575897822954734	
41.062098830293046	19.982630923397704	123.68698529863364	6.28215701246856	4.614364548421719	
13.56715649698224	7.11084496126027	84.00621441818065	1.8497564235374364	4.230114968152693	
33.48793003544822	19.64298426173778	128.74554091467695	1.8126130235504168	3.707035047150709	
18.894048052874393	19.873707859867828	133.4436710423522	1.5460311080385536	4.202393141013319	
21.14066779612982	17.187663852986685	53.1427356198233	9.357023775999602	1.5903337632772092	
36.81008381236927	11.217953512021639	71.60047733094169	4.003967961819988	4.97405377740273	
28.4543760019755	4.996426282089558	191.2213610685719	8.787109960692593	2.9306280863919065	
25.200301733195857	5.945954943125901	73.93388422517857	2.928679519039308	1.1564395401368803	
42.757035067699064	9.110623662577693	51.43885642421425	3.3096688353427792	2.9935578942219627	
37.333578964428206	0.43143526983666636	38.96665497415353	2.832252841610253	3.5190141659646814	
45.64082974633007	7.804300473174806	144.58687868003216	3.018896386442184	2.237360922952431	
39.04597815411628	2.8413613209458055	38.00870290585573	6.717397552545192	2.1220230388272454	
57.89488742107038	0.4711075321996194	27.48863021531969	8.778608317253058	0.2200719936431872	
26.350962395739483	13.015324118670904	104.07780523249805	9.567611777379422	4.209471304499725	
55.79970188350651	5.4791075792848325	72.21010565427346	7.675052317888999	4.3734548846779	
9.52542413875576	4.22170863943482	195.69749811228462	8.492474181972641	2.8189503564786933	
61.572920712209566	7.2284607650623585	118.72897258125289	2.854035860998451	4.064884314691064	
52.61090934396961	17.3868451591189	240.33982153492278	4.294372827210269	4.797204940926753	
46.74267373159225	10.77869819094245	94.30652546744997	9.192509576303161	4.517695664060247	
10.241427963110768	6.6583892436767345	144.53972819149374	1.6506704482984724	1.9828776717383452	
22.521212199934517	18.937028906726614	204.16928787204003	9.741645241781152	1.3313325254528356	
25.15130971828342	8.224769970453963	51.755711981940095	7.896614581227843	1.6666699155613491	
61.545956005372844	6.387598830762284	39.265471868582644	6.902384313323009	1.6683159645607604	
41.557804374353594	2.95529256200179	99.5077902987049	8.888169378031211	1.6634371671292985	
26.90954931190507	5.67049835834162	42.53414654761528	9.469956835537428	2.1393982682948547	
68.39601059651375	16.7501149626191	161.78823624365793	9.327537938748023	4.4989985387865135	
44.36201037309781	11.01036282920482	117.65364186886981	3.108683418938724	2.009860815030653	
5.32624528280773	2.662762914314838	248.26044663234157	1.8635397445798174	2.338327616144937	
45.207600233651284	2.2822140858853013	218.36477948676392	7.7588906068058066	2.622373307724524	
45.26246978832865	9.357364355911702	45.263426548279554	6.647544047585928	1.500861467311518	
1.0611553154452091	8.786657964859108	24.50787054823364	8.20653760084997	0.7273207836042289	
58.01021369461501	4.921734649406801	208.93065395102087	4.57001909176766	3.8930185508706074	
21.385206719508666	8.117034691229248	172.23462744347702	7.2480139658698715	4.881208069726898	
59.79366235731171	4.971636911724648	43.005723635363175	9.93119654423516	1.992672462243608	
1.709956398822401	19.676371758917632	103.55850439231857	4.936760646994667	0.11049343863780925	
37.25550414103855	18.682028749618546	9.30574898908132	0.2948398607081504	2.2462376347476827	
3.9826289569855566	10.175660128750781	45.6382223585558	0.41716542827620384	0.14954824601678796	
21.070458950448895	5.0495622727021106	42.16250043058506	9.935343258985741	0.2597249147382402	
67.82758265622577	13.961470797222809	162.4338262743872	7.368115799289398	3.5049989126054095	
13.889124466955714	14.841687216616224	179.02984163974796	0.7445642351287796	0.8277189745235314	
6.8531374728657894	16.164128696973844	126.90546643669177	1.6358714155428855	1.7394372048966467	
44.39204065512715	14.907580408036637	154.33711333488813	8.160850343468924	2.062140103808545	
36.84280144970737	1.4194824392957672	73.35574599533531	7.037293730074472	2.6196946783949286	
57.63067076905258	18.101468319216984	225.72728254674192	7.039668458422737	4.7699239524148425	
37.66575908350232	16.960234885588893	3.3519057907664687	5.43605997605423	3.6103642664808966	
54.126357382632634	13.040226493613469	3.5361431904251948	7.391224952928558	4.50692962617733	
43.0194134808317	0.7236458059069428	40.001017057236545	0.71470753176479	2.408394860446257	
41.91226918235895	9.666175950029734	108.08961548978819	7.465905392674746	1.7289782856287577	
53.105049912778945	17.076841159339434	4.819143015771521	0.6629460823847821	3.8622261913968146	
55.0060353941448	6.875619553515289	77.26109686012569	8.804939701252637	1.6849506134247654	
53.642330711252825	16.21215672293169	145.7000195901893	6.318648538585418	0.5848593721132206	
9.004033284572193	2.6198718073402083	116.94207181097333	2.5507359088244144	4.930633091023726	
10.197269803020841	13.435075554976383	149.5089943354023	0.8728548488503574	2.5867492145340485	
26.83673363044608	13.746348339600589	159.2646460139443	6.73393680498501	3.368868117054478	
22.84443539852079	2.727356639591474	134.12675137689814	0.3893895458315788	2.928879234242382	
55.13096669677895	13.046577384803653	57.33579551510717	6.95524454683452	0.07547166796309346	
48.18571710352754	11.671059047344386	2.0005750916488596	8.837392166806708	0.01522510124423504	
40.91704355108465	9.749664458243696	191.1872757886775	9.561496003446132	1.2889485747853813	
66.20968832657533	4.9147167629215875	6.836429416725743	9.442479386398912	4.155395375863547	
33.71992380426063	12.846354165000369	248.58718724175046	9.130701729514286	2.1566949304713425	
17.269732718747516	4.203417606763862	136.77000770016966	2.327919435529189	4.94964806680239	
60.00161677640007	1.6628248698129067	60.40806122393816	7.410704458085232	3.0690426831128867	
25.121737916249938	9.21313992992307	230.79986442108316	4.526387463506535	4.941512090711174	
55.01721046959881	2.2552298659199854	232.2656505101618	7.26077838027091	0.1908523473621465	
30.322090922593375	7.3322605948132	101.35739582117981	1.807408298306773	2.0537916167442596	
57.48315263736668	10.447263413254618	129.79419264356352	5.028054371288978	4.652031000389413	
67.34533079101246	12.122561878793299	184.4078886716171	8.825993770836973	2.465389055876259	
36.358131354354256	13.591162844995338	78.83476936056708	1.7698200136664244	1.2006160227081009	
14.487270163189889	17.216960445153276	56.85577314100645	5.584632675233695	3.374964898971876	
38.23653516720604	17.804941880188004	220.4732930023253	7.5666714394956145	0.5443398784715631	
32.47644490494136	19.3828368815241	69.99196034656055	3.0225735164030034	4.089673692427675	
65.37768178258268	18.07341633468631	201.25390660574206	6.162431325642183	1.7890012966661217	
3.335465895278944	15.564884782813325	10.810561823400816	7.328547147857495	1.8951871034361805	
61.2944764317473	13.552213152309214	166.08814087058374	2.6711188886557933	1.1964903919859853	
65.09307590358188	0.6895854413590397	130.8047169862668	6.06220653284063	0.24821773864368346	
4.017575836814521	3.7051726552155118	60.389048028707315	7.6347327773289795	3.3469770713999623	
25.426657423356545	6.160143021829176	246.4148172974169	7.293047740236953	0.3275382402104826	
8.586898797568058	12.641714862016977	228.4961099650623	8.893699145475601	3.2784613260494666	
41.68799763620259	10.912373201685224	33.44978401049617	1.9993498139662014	1.441566673172483	
3.790583853379447	7.831798052607968	73.41210217608295	7.976827335287302	2.5694248341848276	
30.209812751619957	6.389008900167681	0.01874805794907508	8.909733808011296	3.8568073713071573	
9.923753614497198	17.006932072907045	224.0547399593269	0.8576151702950252	4.4322270725503605	
5.395567514365211	14.812326964766406	87.28417741880948	9.30649692941815	0.6000737233242565	
15.984436598829827	1.0852323779355477	2.5688533797595117	4.222176630652626	4.8131559361768455	
41.300866559352556	13.640529462971148	55.19415533414026	3.5612602425198836	4.894969755474898	
34.75371283523787	1.1331246506405068	223.7965626070097	9.097842874742048	4.19437008700788	
68.22680860311733	4.264686115473586	198.71200581945388	5.200729394082051	3.179733068543682	
33.37464124219228	13.83445997476915	38.948499873791484	7.652674365144555	3.967411126750355	
59.95789911761585	17.169959583086744	36.22778369840929	1.8852181638630916	3.075817732902981	
3.662768139194026	10.26346094109827	20.360569415870444	1.7745709750533067	2.0816302381764773	
13.943261090157714	5.036732101395616	115.43323279512695	8.909624155743025	4.54036130634435	
61.486226678737864	7.599753258943737	15.106461543950816	3.7921797005935565	0.30810462216872725	
17.66641756041287	3.036388964451675	196.3057400340578	0.7730822152874162	2.5193840149887343	
12.251540563101383	4.4822805589839865	100.64111901923702	0.34181073662706285	1.6802374317983038	
14.523145970242869	5.971896543866084	91.17342467617611	4.570261173001863	1.0668652718787714	
65.85156537034024	7.646821190549076	190.96975711170657	3.671809077312086	4.059747837342903	
68.4224376549488	6.3591511032231685	3.126430593214158	1.3341962131381058	3.639389735631484	
52.35124802737879	10.962216516762265	8.045935667843839	3.342367903077096	0.13155088349900868	
3.5513322450898577	0.7528892421847289	193.3044926253651	1.8496488214421292	4.191923703044676	
38.307908368760465	3.1846364385620896	120.21063858021849	8.16516288273944	0.7152001598861507	
23.187334340905192	7.189297668394968	244.9365857514201	5.141317327801196	0.9544671022403844	
17.3166989715869	12.75350035618666	9.924331960198874	5.5346575646765235	1.386606156773108	
63.35192971301911	13.829989472221616	23.08275976674978	6.991947724912693	3.128850811618367	
57.87975835069094	11.4865698465488	128.25991232627965	6.451977257926257	0.8297399955700746	
24.832345087422173	11.342540508709181	173.62692519309076	8.334787144282863	0.8561789518073915	
46.82340738275932	15.150899694358404	20.602155054075283	4.70465578420269	4.329843215102012	
18.097813142699113	15.893567416389065	108.40210189369736	6.390353644912585	1.744655443411619	
44.84161137496294	18.127469189732352	60.18865464966422	4.0024770561844	3.991341645616051	
10.657029149053288	9.15446408899314	121.38028205029892	1.7735159869640948	3.468481848597812	
25.697769134954946	16.822296924601595	58.400860157303555	6.054369867994137	3.548076285315887	
21.648479113841766	8.082217723730935	78.97810674487596	2.1384685952728044	1.1000668047149176	
56.496493525345365	8.816186864364672	224.07073339917252	2.3916030038372247	3.9619427791494974	
67.83808432057634	17.24719804601687	183.25072667701735	8.168348399516853	4.297934285229287	
12.748662202791014	6.4769267522599305	35.38979055987593	4.442425417120196	4.466752454637966	
10.452654929093416	2.343709491679471	195.80893895583878	7.726541418970019	1.9804705232806363	
48.004085526032476	17.68643644054135	1.3134233947639795	2.863090460347956	1.4684624331213931	
11.3730406105636	8.843061199131569	39.347973492063595	6.153007885561718	4.270616280796832	
14.110086875481239	2.283931237327006	6.165441142438582	6.714326034900635	2.937304004577749	
36.35291221169689	6.322976659773594	225.337827986661	8.386030943238353	0.048650159460242315	
29.436921051819734	9.243053470396243	204.4048145061813	7.076180653012631	3.2362523972799355	
49.45166522347983	5.811951614746194	87.14647945532494	4.155548241212511	4.248608035390714	
3.818572052078071	17.699049871817408	47.38539507947867	4.175980963445985	2.0261453477840785	
2.704212588482926	19.56771866243914	38.613779232117366	8.21798273359166	4.882355709563127	
50.748347638453325	17.79663341673668	207.0161465379258	5.3258246417008905	4.867390064900003	
36.472675310526846	18.82960987704783	148.71083437772623	0.029191118826602525	4.741545820343078	
19.00248802846843	1.49123437475833	54.38658972369848	3.8312776641280144	0.0026365177909382087	
